file	product	site	codon	num_overlap_ORF_nts	N_diffs	S_diffs	N_sites	S_sites	N_sites_ref	S_sites_ref	N_diffs_vs_ref	S_diffs_vs_ref	gdiv	N_gdiv	S_gdiv
temp_vcf4_Anhui_ferret27_day1.vcf	NA	1	ATG	0	0	0	3	0	3	0	0	0	0	*	*
temp_vcf4_Anhui_ferret27_day1.vcf	NA	4	AAT	0	0	0	2.66666666666667	0.333333333333333	2.66666666666667	0.333333333333333	0	0	0	*	*
temp_vcf4_Anhui_ferret27_day1.vcf	NA	7	CCA	0	0	0	2	1	2	1	0	0	0	*	*
temp_vcf4_Anhui_ferret27_day1.vcf	NA	10	AAT	0	0	0	2.66666666666667	0.333333333333333	2.66666666666667	0.333333333333333	0	0	0	*	*
temp_vcf4_Anhui_ferret27_day1.vcf	NA	13	CAG	0	0	0	2.66666666666667	0.333333333333333	2.66666666666667	0.333333333333333	0	0	0	*	*
temp_vcf4_Anhui_ferret27_day1.vcf	NA	16	AAG	0	0	0	2.66666666666667	0.333333333333333	2.66666666666667	0.333333333333333	0	0	0	*	*
temp_vcf4_Anhui_ferret27_day1.vcf	NA	19	ATT	0	0	0	2.33333333333333	0.666666666666667	2.33333333333333	0.666666666666667	0	0	0	*	*
temp_vcf4_Anhui_ferret27_day1.vcf	NA	22	CTA	0	0	0	1.66666666666667	1.33333333333333	1.66666666666667	1.33333333333333	0	0	0	*	*
temp_vcf4_Anhui_ferret27_day1.vcf	NA	25	TGC	0	0	0	2.5	0.5	2.5	0.5	0	0	0	*	*
temp_vcf4_Anhui_ferret27_day1.vcf	NA	28	ACT	0	0.423101099320665	0	2.10118235561619	0.898817644383811	2	1	0.303547066848568	0	0.422812490112398	0.422812490112398	*
temp_vcf4_Anhui_ferret27_day1.vcf	NA	31	TCA	0	0.0326341768360184	0	2.00552721088435	0.994472789115646	2	1	0.0165816326530612	0	0.0326133642232402	0.0326133642232402	*
temp_vcf4_Anhui_ferret27_day1.vcf	NA	34	GCC	0	0	0	2	1	2	1	0	0	0	*	*
temp_vcf4_Anhui_ferret27_day1.vcf	NA	37	ACT	0	0	0	2	1	2	1	0	0	0	*	*
temp_vcf4_Anhui_ferret27_day1.vcf	NA	40	GCT	0	0	0	2	1	2	1	0	0	0	*	*
temp_vcf4_Anhui_ferret27_day1.vcf	NA	43	ATC	0	0	0	2.33333333333333	0.666666666666667	2.33333333333333	0.666666666666667	0	0	0	*	*
temp_vcf4_Anhui_ferret27_day1.vcf	NA	46	ATA	0	0	0	2.33333333333333	0.666666666666667	2.33333333333333	0.666666666666667	0	0	0	*	*
temp_vcf4_Anhui_ferret27_day1.vcf	NA	49	ATA	0	0	0	2.33333333333333	0.666666666666667	2.33333333333333	0.666666666666667	0	0	0	*	*
temp_vcf4_Anhui_ferret27_day1.vcf	NA	52	GGC	0	0	0	2	1	2	1	0	0	0	*	*
temp_vcf4_Anhui_ferret27_day1.vcf	NA	55	GCA	0	0	0	2	1	2	1	0	0	0	*	*
temp_vcf4_Anhui_ferret27_day1.vcf	NA	58	ATC	0	0	0	2.33333333333333	0.666666666666667	2.33333333333333	0.666666666666667	0	0	0	*	*
temp_vcf4_Anhui_ferret27_day1.vcf	NA	61	GCA	0	0	0	2	1	2	1	0	0	0	*	*
temp_vcf4_Anhui_ferret27_day1.vcf	NA	64	GTA	0	0	0	2	1	2	1	0	0	0	*	*
temp_vcf4_Anhui_ferret27_day1.vcf	NA	67	CTC	0	0	0	2	1	2	1	0	0	0	*	*
temp_vcf4_Anhui_ferret27_day1.vcf	NA	70	ATT	0	0	0	2.33333333333333	0.666666666666667	2.33333333333333	0.666666666666667	0	0	0	*	*
temp_vcf4_Anhui_ferret27_day1.vcf	NA	73	GGA	0	0	0	2	1	2	1	0	0	0	*	*
temp_vcf4_Anhui_ferret27_day1.vcf	NA	76	ATA	0	0	0	2.33333333333333	0.666666666666667	2.33333333333333	0.666666666666667	0	0	0	*	*
temp_vcf4_Anhui_ferret27_day1.vcf	NA	79	GCA	0	0	0	2	1	2	1	0	0	0	*	*
temp_vcf4_Anhui_ferret27_day1.vcf	NA	82	AAC	0	0	0	2.66666666666667	0.333333333333333	2.66666666666667	0.333333333333333	0	0	0	*	*
temp_vcf4_Anhui_ferret27_day1.vcf	NA	85	CTA	0	0	0	1.66666666666667	1.33333333333333	1.66666666666667	1.33333333333333	0	0	0	*	*
temp_vcf4_Anhui_ferret27_day1.vcf	NA	88	GGA	0	0	0	2	1	2	1	0	0	0	*	*
temp_vcf4_Anhui_ferret27_day1.vcf	NA	91	TTG	0	0	0	2.33333333333333	0.666666666666667	2.33333333333333	0.666666666666667	0	0	0	*	*
temp_vcf4_Anhui_ferret27_day1.vcf	NA	94	AAC	0	0	0	2.66666666666667	0.333333333333333	2.66666666666667	0.333333333333333	0	0	0	*	*
temp_vcf4_Anhui_ferret27_day1.vcf	NA	97	ATA	0	0	0	2.33333333333333	0.666666666666667	2.33333333333333	0.666666666666667	0	0	0	*	*
temp_vcf4_Anhui_ferret27_day1.vcf	NA	100	GGA	0	0	0	2	1	2	1	0	0	0	*	*
temp_vcf4_Anhui_ferret27_day1.vcf	NA	103	CTG	0	0	0	1.66666666666667	1.33333333333333	1.66666666666667	1.33333333333333	0	0	0	*	*
temp_vcf4_Anhui_ferret27_day1.vcf	NA	106	CAT	0	0	0	2.66666666666667	0.333333333333333	2.66666666666667	0.333333333333333	0	0	0	*	*
temp_vcf4_Anhui_ferret27_day1.vcf	NA	109	CTA	0	0	0	1.66666666666667	1.33333333333333	1.66666666666667	1.33333333333333	0	0	0	*	*
temp_vcf4_Anhui_ferret27_day1.vcf	NA	112	AAA	0	0	0	2.66666666666667	0.333333333333333	2.66666666666667	0.333333333333333	0	0	0	*	*
temp_vcf4_Anhui_ferret27_day1.vcf	NA	115	CCG	0	0	0.0725851569136193	2	1	2	1	0	0.0377076722045921	0.0725716073230063	*	0.0725716073230063
temp_vcf4_Anhui_ferret27_day1.vcf	NA	118	GGC	0	0	0	2	1	2	1	0	0	0	*	*
temp_vcf4_Anhui_ferret27_day1.vcf	NA	121	TGC	0	0	0	2.5	0.5	2.5	0.5	0	0	0	*	*
temp_vcf4_Anhui_ferret27_day1.vcf	NA	124	AAT	0	0	0	2.66666666666667	0.333333333333333	2.66666666666667	0.333333333333333	0	0	0	*	*
temp_vcf4_Anhui_ferret27_day1.vcf	NA	127	TGC	0	0	0	2.5	0.5	2.5	0.5	0	0	0	*	*
temp_vcf4_Anhui_ferret27_day1.vcf	NA	130	TCA	0	0	0	2	1	2	1	0	0	0	*	*
temp_vcf4_Anhui_ferret27_day1.vcf	NA	133	CAC	0	0	0	2.66666666666667	0.333333333333333	2.66666666666667	0.333333333333333	0	0	0	*	*
temp_vcf4_Anhui_ferret27_day1.vcf	NA	136	TCA	0	0	0	2	1	2	1	0	0	0	*	*
temp_vcf4_Anhui_ferret27_day1.vcf	NA	139	CAA	0	0	0	2.66666666666667	0.333333333333333	2.66666666666667	0.333333333333333	0	0	0	*	*
temp_vcf4_Anhui_ferret27_day1.vcf	NA	142	CCT	0	0	0	2	1	2	1	0	0	0	*	*
temp_vcf4_Anhui_ferret27_day1.vcf	NA	145	GAA	0	0	0	2.66666666666667	0.333333333333333	2.66666666666667	0.333333333333333	0	0	0	*	*
temp_vcf4_Anhui_ferret27_day1.vcf	NA	148	ACA	0	0	0	2	1	2	1	0	0	0	*	*
temp_vcf4_Anhui_ferret27_day1.vcf	NA	151	ACC	0	0.0275974139396933	0	2.00466413181242	0.995335868187579	2	1	0.0139923954372624	0	0.0275932166143793	0.0275932166143793	*
temp_vcf4_Anhui_ferret27_day1.vcf	NA	154	AAC	0	0	0	2.66666666666667	0.333333333333333	2.66666666666667	0.333333333333333	0	0	0	*	*
temp_vcf4_Anhui_ferret27_day1.vcf	NA	157	ACA	0	0	0	2	1	2	1	0	0	0	*	*
temp_vcf4_Anhui_ferret27_day1.vcf	NA	160	AGC	0	0	0	2.66666666666667	0.333333333333333	2.66666666666667	0.333333333333333	0	0	0	*	*
temp_vcf4_Anhui_ferret27_day1.vcf	NA	163	CAA	0	0	0	2.66666666666667	0.333333333333333	2.66666666666667	0.333333333333333	0	0	0	*	*
temp_vcf4_Anhui_ferret27_day1.vcf	NA	166	ACA	0	0	0	2	1	2	1	0	0	0	*	*
temp_vcf4_Anhui_ferret27_day1.vcf	NA	169	ATA	0	0	0	2.33333333333333	0.666666666666667	2.33333333333333	0.666666666666667	0	0	0	*	*
temp_vcf4_Anhui_ferret27_day1.vcf	NA	172	ATA	0	0	0	2.33333333333333	0.666666666666667	2.33333333333333	0.666666666666667	0	0	0	*	*
temp_vcf4_Anhui_ferret27_day1.vcf	NA	175	AAC	0	0	0	2.66666666666667	0.333333333333333	2.66666666666667	0.333333333333333	0	0	0	*	*
temp_vcf4_Anhui_ferret27_day1.vcf	NA	178	AAC	0	0	0	2.66666666666667	0.333333333333333	2.66666666666667	0.333333333333333	0	0	0	*	*
temp_vcf4_Anhui_ferret27_day1.vcf	NA	181	TAT	0	0	0	2	1	2	1	0	0	0	*	*
temp_vcf4_Anhui_ferret27_day1.vcf	NA	184	TAT	0	0	0	2	1	2	1	0	0	0	*	*
temp_vcf4_Anhui_ferret27_day1.vcf	NA	187	AAT	0	0	0	2.66666666666667	0.333333333333333	2.66666666666667	0.333333333333333	0	0	0	*	*
temp_vcf4_Anhui_ferret27_day1.vcf	NA	190	GAA	0	0	0	2.66666666666667	0.333333333333333	2.66666666666667	0.333333333333333	0	0	0	*	*
temp_vcf4_Anhui_ferret27_day1.vcf	NA	193	ACA	0	0	0	2	1	2	1	0	0	0	*	*
temp_vcf4_Anhui_ferret27_day1.vcf	NA	196	AAC	0	0	0	2.66666666666667	0.333333333333333	2.66666666666667	0.333333333333333	0	0	0	*	*
temp_vcf4_Anhui_ferret27_day1.vcf	NA	199	ATC	0	0	0	2.33333333333333	0.666666666666667	2.33333333333333	0.666666666666667	0	0	0	*	*
temp_vcf4_Anhui_ferret27_day1.vcf	NA	202	ACC	0	0	0	2	1	2	1	0	0	0	*	*
temp_vcf4_Anhui_ferret27_day1.vcf	NA	205	AAC	0	0	0	2.66666666666667	0.333333333333333	2.66666666666667	0.333333333333333	0	0	0	*	*
temp_vcf4_Anhui_ferret27_day1.vcf	NA	208	ATC	0	0	0	2.33333333333333	0.666666666666667	2.33333333333333	0.666666666666667	0	0	0	*	*
temp_vcf4_Anhui_ferret27_day1.vcf	NA	211	CAA	0	0	0	2.66666666666667	0.333333333333333	2.66666666666667	0.333333333333333	0	0	0	*	*
temp_vcf4_Anhui_ferret27_day1.vcf	NA	214	ATG	0	0	0	3	0	3	0	0	0	0	*	*
temp_vcf4_Anhui_ferret27_day1.vcf	NA	217	GAA	0	0	0	2.66666666666667	0.333333333333333	2.66666666666667	0.333333333333333	0	0	0	*	*
temp_vcf4_Anhui_ferret27_day1.vcf	NA	220	GAG	0	0	0	2.66666666666667	0.333333333333333	2.66666666666667	0.333333333333333	0	0	0	*	*
temp_vcf4_Anhui_ferret27_day1.vcf	NA	223	AGA	0	0	0	2.16666666666667	0.833333333333333	2.16666666666667	0.833333333333333	0	0	0	*	*
temp_vcf4_Anhui_ferret27_day1.vcf	NA	226	ACA	0	0	0	2	1	2	1	0	0	0	*	*
temp_vcf4_Anhui_ferret27_day1.vcf	NA	229	AGC	0	0	0	2.66666666666667	0.333333333333333	2.66666666666667	0.333333333333333	0	0	0	*	*
temp_vcf4_Anhui_ferret27_day1.vcf	NA	232	AGG	0	0	0	2.33333333333333	0.666666666666667	2.33333333333333	0.666666666666667	0	0	0	*	*
temp_vcf4_Anhui_ferret27_day1.vcf	NA	235	AAT	0	0	0	2.66666666666667	0.333333333333333	2.66666666666667	0.333333333333333	0	0	0	*	*
temp_vcf4_Anhui_ferret27_day1.vcf	NA	238	TTC	0	0	0	2.66666666666667	0.333333333333333	2.66666666666667	0.333333333333333	0	0	0	*	*
temp_vcf4_Anhui_ferret27_day1.vcf	NA	241	AAT	0	0	0	2.66666666666667	0.333333333333333	2.66666666666667	0.333333333333333	0	0	0	*	*
temp_vcf4_Anhui_ferret27_day1.vcf	NA	244	AAC	0	0	0	2.66666666666667	0.333333333333333	2.66666666666667	0.333333333333333	0	0	0	*	*
temp_vcf4_Anhui_ferret27_day1.vcf	NA	247	TTA	0	0	0	2.33333333333333	0.666666666666667	2.33333333333333	0.666666666666667	0	0	0	*	*
temp_vcf4_Anhui_ferret27_day1.vcf	NA	250	ACT	0	0	0	2	1	2	1	0	0	0	*	*
temp_vcf4_Anhui_ferret27_day1.vcf	NA	253	AAA	0	0	0	2.66666666666667	0.333333333333333	2.66666666666667	0.333333333333333	0	0	0	*	*
temp_vcf4_Anhui_ferret27_day1.vcf	NA	256	GGG	0	0	0	2	1	2	1	0	0	0	*	*
temp_vcf4_Anhui_ferret27_day1.vcf	NA	259	CTC	0	0	0	2	1	2	1	0	0	0	*	*
temp_vcf4_Anhui_ferret27_day1.vcf	NA	262	TGT	0	0	0	2.5	0.5	2.5	0.5	0	0	0	*	*
temp_vcf4_Anhui_ferret27_day1.vcf	NA	265	ACT	0	0	0	2	1	2	1	0	0	0	*	*
temp_vcf4_Anhui_ferret27_day1.vcf	NA	268	ATA	0	0	0	2.33333333333333	0.666666666666667	2.33333333333333	0.666666666666667	0	0	0	*	*
temp_vcf4_Anhui_ferret27_day1.vcf	NA	271	AAT	0	0	0	2.66666666666667	0.333333333333333	2.66666666666667	0.333333333333333	0	0	0	*	*
temp_vcf4_Anhui_ferret27_day1.vcf	NA	274	TCA	0	0	0	2	1	2	1	0	0	0	*	*
temp_vcf4_Anhui_ferret27_day1.vcf	NA	277	TGG	0	0	0	3	0	3	0	0	0	0	*	*
temp_vcf4_Anhui_ferret27_day1.vcf	NA	280	CAC	0	0	0	2.66666666666667	0.333333333333333	2.66666666666667	0.333333333333333	0	0	0	*	*
temp_vcf4_Anhui_ferret27_day1.vcf	NA	283	ATA	0	0	0	2.33333333333333	0.666666666666667	2.33333333333333	0.666666666666667	0	0	0	*	*
temp_vcf4_Anhui_ferret27_day1.vcf	NA	286	TAT	0	0	0	2	1	2	1	0	0	0	*	*
temp_vcf4_Anhui_ferret27_day1.vcf	NA	289	GGG	0	0	0	2	1	2	1	0	0	0	*	*
temp_vcf4_Anhui_ferret27_day1.vcf	NA	292	AAA	0	0	0	2.66666666666667	0.333333333333333	2.66666666666667	0.333333333333333	0	0	0	*	*
temp_vcf4_Anhui_ferret27_day1.vcf	NA	295	GAC	0	0	0	2.66666666666667	0.333333333333333	2.66666666666667	0.333333333333333	0	0	0	*	*
temp_vcf4_Anhui_ferret27_day1.vcf	NA	298	AAT	0	0	0	2.66666666666667	0.333333333333333	2.66666666666667	0.333333333333333	0	0	0	*	*
temp_vcf4_Anhui_ferret27_day1.vcf	NA	301	GCA	0	0	0	2	1	2	1	0	0	0	*	*
temp_vcf4_Anhui_ferret27_day1.vcf	NA	304	GTA	0	0	0	2	1	2	1	0	0	0	*	*
temp_vcf4_Anhui_ferret27_day1.vcf	NA	307	AGA	0	0	0	2.16666666666667	0.833333333333333	2.16666666666667	0.833333333333333	0	0	0	*	*
temp_vcf4_Anhui_ferret27_day1.vcf	NA	310	ATT	0	0	0	2.33333333333333	0.666666666666667	2.33333333333333	0.666666666666667	0	0	0	*	*
temp_vcf4_Anhui_ferret27_day1.vcf	NA	313	GGA	0	0	0	2	1	2	1	0	0	0	*	*
temp_vcf4_Anhui_ferret27_day1.vcf	NA	316	GAG	0	0	0	2.66666666666667	0.333333333333333	2.66666666666667	0.333333333333333	0	0	0	*	*
temp_vcf4_Anhui_ferret27_day1.vcf	NA	319	AGC	0	0	0	2.66666666666667	0.333333333333333	2.66666666666667	0.333333333333333	0	0	0	*	*
temp_vcf4_Anhui_ferret27_day1.vcf	NA	322	TCG	0	0	0	2	1	2	1	0	0	0	*	*
temp_vcf4_Anhui_ferret27_day1.vcf	NA	325	GAT	0	0	0	2.66666666666667	0.333333333333333	2.66666666666667	0.333333333333333	0	0	0	*	*
temp_vcf4_Anhui_ferret27_day1.vcf	NA	328	GTT	0	0	0	2	1	2	1	0	0	0	*	*
temp_vcf4_Anhui_ferret27_day1.vcf	NA	331	TTA	0	0	0	2.33333333333333	0.666666666666667	2.33333333333333	0.666666666666667	0	0	0	*	*
temp_vcf4_Anhui_ferret27_day1.vcf	NA	334	GTC	0	0	0	2	1	2	1	0	0	0	*	*
temp_vcf4_Anhui_ferret27_day1.vcf	NA	337	ACA	0	0	0	2	1	2	1	0	0	0	*	*
temp_vcf4_Anhui_ferret27_day1.vcf	NA	340	AGA	0	0	0	2.16666666666667	0.833333333333333	2.16666666666667	0.833333333333333	0	0	0	*	*
temp_vcf4_Anhui_ferret27_day1.vcf	NA	343	GAA	0	0	0	2.66666666666667	0.333333333333333	2.66666666666667	0.333333333333333	0	0	0	*	*
temp_vcf4_Anhui_ferret27_day1.vcf	NA	346	CCC	0	0	0	2	1	2	1	0	0	0	*	*
temp_vcf4_Anhui_ferret27_day1.vcf	NA	349	TAT	0	0	0	2	1	2	1	0	0	0	*	*
temp_vcf4_Anhui_ferret27_day1.vcf	NA	352	GTT	0	0	0	2	1	2	1	0	0	0	*	*
temp_vcf4_Anhui_ferret27_day1.vcf	NA	355	TCA	0	0	0	2	1	2	1	0	0	0	*	*
temp_vcf4_Anhui_ferret27_day1.vcf	NA	358	TGC	0	0	0	2.5	0.5	2.5	0.5	0	0	0	*	*
temp_vcf4_Anhui_ferret27_day1.vcf	NA	361	GAC	0	0	0	2.66666666666667	0.333333333333333	2.66666666666667	0.333333333333333	0	0	0	*	*
temp_vcf4_Anhui_ferret27_day1.vcf	NA	364	CCA	0	0	0	2	1	2	1	0	0	0	*	*
temp_vcf4_Anhui_ferret27_day1.vcf	NA	367	GAT	0	0	0	2.66666666666667	0.333333333333333	2.66666666666667	0.333333333333333	0	0	0	*	*
temp_vcf4_Anhui_ferret27_day1.vcf	NA	370	GAA	0	0	0	2.66666666666667	0.333333333333333	2.66666666666667	0.333333333333333	0	0	0	*	*
temp_vcf4_Anhui_ferret27_day1.vcf	NA	373	TGC	0	0	0	2.5	0.5	2.5	0.5	0	0	0	*	*
temp_vcf4_Anhui_ferret27_day1.vcf	NA	376	AGG	0	0	0	2.33333333333333	0.666666666666667	2.33333333333333	0.666666666666667	0	0	0	*	*
temp_vcf4_Anhui_ferret27_day1.vcf	NA	379	TTC	0	0	0	2.66666666666667	0.333333333333333	2.66666666666667	0.333333333333333	0	0	0	*	*
temp_vcf4_Anhui_ferret27_day1.vcf	NA	382	TAT	0	0	0	2	1	2	1	0	0	0	*	*
temp_vcf4_Anhui_ferret27_day1.vcf	NA	385	GCT	0	0	0	2	1	2	1	0	0	0	*	*
temp_vcf4_Anhui_ferret27_day1.vcf	NA	388	CTC	0	0	0	2	1	2	1	0	0	0	*	*
temp_vcf4_Anhui_ferret27_day1.vcf	NA	391	AGC	0	0	0	2.66666666666667	0.333333333333333	2.66666666666667	0.333333333333333	0	0	0	*	*
temp_vcf4_Anhui_ferret27_day1.vcf	NA	394	CAA	0	0	0	2.66666666666667	0.333333333333333	2.66666666666667	0.333333333333333	0	0	0	*	*
temp_vcf4_Anhui_ferret27_day1.vcf	NA	397	GGA	0	0	0	2	1	2	1	0	0	0	*	*
temp_vcf4_Anhui_ferret27_day1.vcf	NA	400	ACA	0	0	0	2	1	2	1	0	0	0	*	*
temp_vcf4_Anhui_ferret27_day1.vcf	NA	403	ACA	0	0	0	2	1	2	1	0	0	0	*	*
temp_vcf4_Anhui_ferret27_day1.vcf	NA	406	ATC	0	0	0	2.33333333333333	0.666666666666667	2.33333333333333	0.666666666666667	0	0	0	*	*
temp_vcf4_Anhui_ferret27_day1.vcf	NA	409	AGA	0	0	0	2.16666666666667	0.833333333333333	2.16666666666667	0.833333333333333	0	0	0	*	*
temp_vcf4_Anhui_ferret27_day1.vcf	NA	412	GGG	0	0	0	2	1	2	1	0	0	0	*	*
temp_vcf4_Anhui_ferret27_day1.vcf	NA	415	AAA	0	0	0	2.66666666666667	0.333333333333333	2.66666666666667	0.333333333333333	0	0	0	*	*
temp_vcf4_Anhui_ferret27_day1.vcf	NA	418	CAC	0	0	0	2.66666666666667	0.333333333333333	2.66666666666667	0.333333333333333	0	0	0	*	*
temp_vcf4_Anhui_ferret27_day1.vcf	NA	421	TCA	0	0	0	2	1	2	1	0	0	0	*	*
temp_vcf4_Anhui_ferret27_day1.vcf	NA	424	AAC	0	0	0	2.66666666666667	0.333333333333333	2.66666666666667	0.333333333333333	0	0	0	*	*
temp_vcf4_Anhui_ferret27_day1.vcf	NA	427	GGA	0	0	0	2	1	2	1	0	0	0	*	*
temp_vcf4_Anhui_ferret27_day1.vcf	NA	430	ACA	0	0	0	2	1	2	1	0	0	0	*	*
temp_vcf4_Anhui_ferret27_day1.vcf	NA	433	ATA	0	0	0	2.33333333333333	0.666666666666667	2.33333333333333	0.666666666666667	0	0	0	*	*
temp_vcf4_Anhui_ferret27_day1.vcf	NA	436	CAC	0	0	0	2.66666666666667	0.333333333333333	2.66666666666667	0.333333333333333	0	0	0	*	*
temp_vcf4_Anhui_ferret27_day1.vcf	NA	439	GAT	0	0	0	2.66666666666667	0.333333333333333	2.66666666666667	0.333333333333333	0	0	0	*	*
temp_vcf4_Anhui_ferret27_day1.vcf	NA	442	AGG	0	0	0	2.33333333333333	0.666666666666667	2.33333333333333	0.666666666666667	0	0	0	*	*
temp_vcf4_Anhui_ferret27_day1.vcf	NA	445	TCC	0	0	0	2	1	2	1	0	0	0	*	*
temp_vcf4_Anhui_ferret27_day1.vcf	NA	448	CAG	0	0	0	2.66666666666667	0.333333333333333	2.66666666666667	0.333333333333333	0	0	0	*	*
temp_vcf4_Anhui_ferret27_day1.vcf	NA	451	TAT	0	0	0	2	1	2	1	0	0	0	*	*
temp_vcf4_Anhui_ferret27_day1.vcf	NA	454	CGC	0	0	0	2	1	2	1	0	0	0	*	*
temp_vcf4_Anhui_ferret27_day1.vcf	NA	457	GCC	0	0	0	2	1	2	1	0	0	0	*	*
temp_vcf4_Anhui_ferret27_day1.vcf	NA	460	CTG	0	0	0	1.66666666666667	1.33333333333333	1.66666666666667	1.33333333333333	0	0	0	*	*
temp_vcf4_Anhui_ferret27_day1.vcf	NA	463	ATA	0	0	0	2.33333333333333	0.666666666666667	2.33333333333333	0.666666666666667	0	0	0	*	*
temp_vcf4_Anhui_ferret27_day1.vcf	NA	466	AGC	0	0	0	2.66666666666667	0.333333333333333	2.66666666666667	0.333333333333333	0	0	0	*	*
temp_vcf4_Anhui_ferret27_day1.vcf	NA	469	TGG	0	0	0	3	0	3	0	0	0	0	*	*
temp_vcf4_Anhui_ferret27_day1.vcf	NA	472	CCA	0	0	0	2	1	2	1	0	0	0	*	*
temp_vcf4_Anhui_ferret27_day1.vcf	NA	475	CTA	0	0	0	1.66666666666667	1.33333333333333	1.66666666666667	1.33333333333333	0	0	0	*	*
temp_vcf4_Anhui_ferret27_day1.vcf	NA	478	TCA	0	0	0	2	1	2	1	0	0	0	*	*
temp_vcf4_Anhui_ferret27_day1.vcf	NA	481	TCA	0	0	0	2	1	2	1	0	0	0	*	*
temp_vcf4_Anhui_ferret27_day1.vcf	NA	484	CCG	0	0	0	2	1	2	1	0	0	0	*	*
temp_vcf4_Anhui_ferret27_day1.vcf	NA	487	CCC	0	0	0	2	1	2	1	0	0	0	*	*
temp_vcf4_Anhui_ferret27_day1.vcf	NA	490	ACA	0	0	0	2	1	2	1	0	0	0	*	*
temp_vcf4_Anhui_ferret27_day1.vcf	NA	493	GTG	0	0	0	2	1	2	1	0	0	0	*	*
temp_vcf4_Anhui_ferret27_day1.vcf	NA	496	TAC	0	0	0	2	1	2	1	0	0	0	*	*
temp_vcf4_Anhui_ferret27_day1.vcf	NA	499	AAC	0	0	0	2.66666666666667	0.333333333333333	2.66666666666667	0.333333333333333	0	0	0	*	*
temp_vcf4_Anhui_ferret27_day1.vcf	NA	502	AGC	0	0	0	2.66666666666667	0.333333333333333	2.66666666666667	0.333333333333333	0	0	0	*	*
temp_vcf4_Anhui_ferret27_day1.vcf	NA	505	AGG	0	0	0	2.33333333333333	0.666666666666667	2.33333333333333	0.666666666666667	0	0	0	*	*
temp_vcf4_Anhui_ferret27_day1.vcf	NA	508	GTG	0	0	0	2	1	2	1	0	0	0	*	*
temp_vcf4_Anhui_ferret27_day1.vcf	NA	511	GAA	0	0	0	2.66666666666667	0.333333333333333	2.66666666666667	0.333333333333333	0	0	0	*	*
temp_vcf4_Anhui_ferret27_day1.vcf	NA	514	TGC	0	0	0	2.5	0.5	2.5	0.5	0	0	0	*	*
temp_vcf4_Anhui_ferret27_day1.vcf	NA	517	ATT	0	0	0	2.33333333333333	0.666666666666667	2.33333333333333	0.666666666666667	0	0	0	*	*
temp_vcf4_Anhui_ferret27_day1.vcf	NA	520	GGG	0	0	0	2	1	2	1	0	0	0	*	*
temp_vcf4_Anhui_ferret27_day1.vcf	NA	523	TGG	0	0	0	3	0	3	0	0	0	0	*	*
temp_vcf4_Anhui_ferret27_day1.vcf	NA	526	TCA	0	0	0	2	1	2	1	0	0	0	*	*
temp_vcf4_Anhui_ferret27_day1.vcf	NA	529	AGT	0	0	0	2.66666666666667	0.333333333333333	2.66666666666667	0.333333333333333	0	0	0	*	*
temp_vcf4_Anhui_ferret27_day1.vcf	NA	532	ACT	0	0	0	2	1	2	1	0	0	0	*	*
temp_vcf4_Anhui_ferret27_day1.vcf	NA	535	AGT	0	0	0	2.66666666666667	0.333333333333333	2.66666666666667	0.333333333333333	0	0	0	*	*
temp_vcf4_Anhui_ferret27_day1.vcf	NA	538	TGC	0	0	0	2.5	0.5	2.5	0.5	0	0	0	*	*
temp_vcf4_Anhui_ferret27_day1.vcf	NA	541	CAT	0	0	0	2.66666666666667	0.333333333333333	2.66666666666667	0.333333333333333	0	0	0	*	*
temp_vcf4_Anhui_ferret27_day1.vcf	NA	544	GAT	0	0	0	2.66666666666667	0.333333333333333	2.66666666666667	0.333333333333333	0	0	0	*	*
temp_vcf4_Anhui_ferret27_day1.vcf	NA	547	GGC	0	0	0	2	1	2	1	0	0	0	*	*
temp_vcf4_Anhui_ferret27_day1.vcf	NA	550	AAA	0	0	0	2.66666666666667	0.333333333333333	2.66666666666667	0.333333333333333	0	0	0	*	*
temp_vcf4_Anhui_ferret27_day1.vcf	NA	553	TCC	0	0	0	2	1	2	1	0	0	0	*	*
temp_vcf4_Anhui_ferret27_day1.vcf	NA	556	AGG	0	0	0	2.33333333333333	0.666666666666667	2.33333333333333	0.666666666666667	0	0	0	*	*
temp_vcf4_Anhui_ferret27_day1.vcf	NA	559	ATG	0	0	0	3	0	3	0	0	0	0	*	*
temp_vcf4_Anhui_ferret27_day1.vcf	NA	562	TCA	0	0	0	2	1	2	1	0	0	0	*	*
temp_vcf4_Anhui_ferret27_day1.vcf	NA	565	ATA	0	0	0	2.33333333333333	0.666666666666667	2.33333333333333	0.666666666666667	0	0	0	*	*
temp_vcf4_Anhui_ferret27_day1.vcf	NA	568	TGT	0	0	0	2.5	0.5	2.5	0.5	0	0	0	*	*
temp_vcf4_Anhui_ferret27_day1.vcf	NA	571	ATA	0	0	0	2.33333333333333	0.666666666666667	2.33333333333333	0.666666666666667	0	0	0	*	*
temp_vcf4_Anhui_ferret27_day1.vcf	NA	574	TCA	0	0	0	2	1	2	1	0	0	0	*	*
temp_vcf4_Anhui_ferret27_day1.vcf	NA	577	GGA	0	0	0	2	1	2	1	0	0	0	*	*
temp_vcf4_Anhui_ferret27_day1.vcf	NA	580	CCA	0	0	0	2	1	2	1	0	0	0	*	*
temp_vcf4_Anhui_ferret27_day1.vcf	NA	583	AAC	0	0	0	2.66666666666667	0.333333333333333	2.66666666666667	0.333333333333333	0	0	0	*	*
temp_vcf4_Anhui_ferret27_day1.vcf	NA	586	AAC	0	0	0	2.66666666666667	0.333333333333333	2.66666666666667	0.333333333333333	0	0	0	*	*
temp_vcf4_Anhui_ferret27_day1.vcf	NA	589	AAT	0	0	0	2.66666666666667	0.333333333333333	2.66666666666667	0.333333333333333	0	0	0	*	*
temp_vcf4_Anhui_ferret27_day1.vcf	NA	592	GCA	0	0	0	2	1	2	1	0	0	0	*	*
temp_vcf4_Anhui_ferret27_day1.vcf	NA	595	TCT	0	0	0	2	1	2	1	0	0	0	*	*
temp_vcf4_Anhui_ferret27_day1.vcf	NA	598	GCA	0	0	0	2	1	2	1	0	0	0	*	*
temp_vcf4_Anhui_ferret27_day1.vcf	NA	601	GTA	0	0	0	2	1	2	1	0	0	0	*	*
temp_vcf4_Anhui_ferret27_day1.vcf	NA	604	GTA	0	0	0	2	1	2	1	0	0	0	*	*
temp_vcf4_Anhui_ferret27_day1.vcf	NA	607	TGG	0	0	0	3	0	3	0	0	0	0	*	*
temp_vcf4_Anhui_ferret27_day1.vcf	NA	610	TAC	0	0	0	2	1	2	1	0	0	0	*	*
temp_vcf4_Anhui_ferret27_day1.vcf	NA	613	AAC	0	0	0	2.66666666666667	0.333333333333333	2.66666666666667	0.333333333333333	0	0	0	*	*
temp_vcf4_Anhui_ferret27_day1.vcf	NA	616	AGA	0	0	0	2.16666666666667	0.833333333333333	2.16666666666667	0.833333333333333	0	0	0	*	*
temp_vcf4_Anhui_ferret27_day1.vcf	NA	619	AGG	0	0	0	2.33333333333333	0.666666666666667	2.33333333333333	0.666666666666667	0	0	0	*	*
temp_vcf4_Anhui_ferret27_day1.vcf	NA	622	CCT	0	0	0	2	1	2	1	0	0	0	*	*
temp_vcf4_Anhui_ferret27_day1.vcf	NA	625	GTT	0	0	0	2	1	2	1	0	0	0	*	*
temp_vcf4_Anhui_ferret27_day1.vcf	NA	628	GCA	0	0	0	2	1	2	1	0	0	0	*	*
temp_vcf4_Anhui_ferret27_day1.vcf	NA	631	GAA	0	0	0	2.66666666666667	0.333333333333333	2.66666666666667	0.333333333333333	0	0	0	*	*
temp_vcf4_Anhui_ferret27_day1.vcf	NA	634	ATT	0	0	0	2.33333333333333	0.666666666666667	2.33333333333333	0.666666666666667	0	0	0	*	*
temp_vcf4_Anhui_ferret27_day1.vcf	NA	637	AAC	0	0	0	2.66666666666667	0.333333333333333	2.66666666666667	0.333333333333333	0	0	0	*	*
temp_vcf4_Anhui_ferret27_day1.vcf	NA	640	ACA	0	0	0	2	1	2	1	0	0	0	*	*
temp_vcf4_Anhui_ferret27_day1.vcf	NA	643	TGG	0	0	0	3	0	3	0	0	0	0	*	*
temp_vcf4_Anhui_ferret27_day1.vcf	NA	646	GCC	0	0	0	2	1	2	1	0	0	0	*	*
temp_vcf4_Anhui_ferret27_day1.vcf	NA	649	CGA	0	0	0	1.5	1.5	1.5	1.5	0	0	0	*	*
temp_vcf4_Anhui_ferret27_day1.vcf	NA	652	AAC	0	0	0	2.66666666666667	0.333333333333333	2.66666666666667	0.333333333333333	0	0	0	*	*
temp_vcf4_Anhui_ferret27_day1.vcf	NA	655	ATA	0	0	0	2.33333333333333	0.666666666666667	2.33333333333333	0.666666666666667	0	0	0	*	*
temp_vcf4_Anhui_ferret27_day1.vcf	NA	658	CTA	0	0	0	1.66666666666667	1.33333333333333	1.66666666666667	1.33333333333333	0	0	0	*	*
temp_vcf4_Anhui_ferret27_day1.vcf	NA	661	AGA	0	0	0	2.16666666666667	0.833333333333333	2.16666666666667	0.833333333333333	0	0	0	*	*
temp_vcf4_Anhui_ferret27_day1.vcf	NA	664	ACA	0	0	0	2	1	2	1	0	0	0	*	*
temp_vcf4_Anhui_ferret27_day1.vcf	NA	667	CAG	0	0	0	2.66666666666667	0.333333333333333	2.66666666666667	0.333333333333333	0	0	0	*	*
temp_vcf4_Anhui_ferret27_day1.vcf	NA	670	GAA	0	0	0	2.66666666666667	0.333333333333333	2.66666666666667	0.333333333333333	0	0	0	*	*
temp_vcf4_Anhui_ferret27_day1.vcf	NA	673	TCT	0	0	0	2	1	2	1	0	0	0	*	*
temp_vcf4_Anhui_ferret27_day1.vcf	NA	676	GAA	0	0	0	2.66666666666667	0.333333333333333	2.66666666666667	0.333333333333333	0	0	0	*	*
temp_vcf4_Anhui_ferret27_day1.vcf	NA	679	TGT	0	0	0	2.5	0.5	2.5	0.5	0	0	0	*	*
temp_vcf4_Anhui_ferret27_day1.vcf	NA	682	GTA	0	0	0	2	1	2	1	0	0	0	*	*
temp_vcf4_Anhui_ferret27_day1.vcf	NA	685	TGC	0	0	0	2.5	0.5	2.5	0.5	0	0	0	*	*
temp_vcf4_Anhui_ferret27_day1.vcf	NA	688	CAC	0	0	0	2.66666666666667	0.333333333333333	2.66666666666667	0.333333333333333	0	0	0	*	*
temp_vcf4_Anhui_ferret27_day1.vcf	NA	691	AAC	0	0	0	2.66666666666667	0.333333333333333	2.66666666666667	0.333333333333333	0	0	0	*	*
temp_vcf4_Anhui_ferret27_day1.vcf	NA	694	GGC	0	0	0	2	1	2	1	0	0	0	*	*
temp_vcf4_Anhui_ferret27_day1.vcf	NA	697	GTA	0	0	0	2	1	2	1	0	0	0	*	*
temp_vcf4_Anhui_ferret27_day1.vcf	NA	700	TGC	0	0	0	2.5	0.5	2.5	0.5	0	0	0	*	*
temp_vcf4_Anhui_ferret27_day1.vcf	NA	703	CCA	0	0	0	2	1	2	1	0	0	0	*	*
temp_vcf4_Anhui_ferret27_day1.vcf	NA	706	GTA	0	0	0	2	1	2	1	0	0	0	*	*
temp_vcf4_Anhui_ferret27_day1.vcf	NA	709	GTG	0	0	0	2	1	2	1	0	0	0	*	*
temp_vcf4_Anhui_ferret27_day1.vcf	NA	712	TTC	0	0	0	2.66666666666667	0.333333333333333	2.66666666666667	0.333333333333333	0	0	0	*	*
temp_vcf4_Anhui_ferret27_day1.vcf	NA	715	ACC	0	0	0	2	1	2	1	0	0	0	*	*
temp_vcf4_Anhui_ferret27_day1.vcf	NA	718	GAT	0	0	0	2.66666666666667	0.333333333333333	2.66666666666667	0.333333333333333	0	0	0	*	*
temp_vcf4_Anhui_ferret27_day1.vcf	NA	721	GGG	0	0	0	2	1	2	1	0	0	0	*	*
temp_vcf4_Anhui_ferret27_day1.vcf	NA	724	TCT	0	0	0	2	1	2	1	0	0	0	*	*
temp_vcf4_Anhui_ferret27_day1.vcf	NA	727	GCC	0	0	0	2	1	2	1	0	0	0	*	*
temp_vcf4_Anhui_ferret27_day1.vcf	NA	730	ACT	0	0	0	2	1	2	1	0	0	0	*	*
temp_vcf4_Anhui_ferret27_day1.vcf	NA	733	GGA	0	0	0	2	1	2	1	0	0	0	*	*
temp_vcf4_Anhui_ferret27_day1.vcf	NA	736	CCT	0	0	0	2	1	2	1	0	0	0	*	*
temp_vcf4_Anhui_ferret27_day1.vcf	NA	739	GCA	0	0	0	2	1	2	1	0	0	0	*	*
temp_vcf4_Anhui_ferret27_day1.vcf	NA	742	GAC	0	0	0	2.66666666666667	0.333333333333333	2.66666666666667	0.333333333333333	0	0	0	*	*
temp_vcf4_Anhui_ferret27_day1.vcf	NA	745	ACA	0	0	0	2	1	2	1	0	0	0	*	*
temp_vcf4_Anhui_ferret27_day1.vcf	NA	748	AGA	0	0	0	2.16666666666667	0.833333333333333	2.16666666666667	0.833333333333333	0	0	0	*	*
temp_vcf4_Anhui_ferret27_day1.vcf	NA	751	ATA	0	0	0	2.33333333333333	0.666666666666667	2.33333333333333	0.666666666666667	0	0	0	*	*
temp_vcf4_Anhui_ferret27_day1.vcf	NA	754	TAC	0	0	0	2	1	2	1	0	0	0	*	*
temp_vcf4_Anhui_ferret27_day1.vcf	NA	757	TAT	0	0	0	2	1	2	1	0	0	0	*	*
temp_vcf4_Anhui_ferret27_day1.vcf	NA	760	TTT	0	0	0	2.66666666666667	0.333333333333333	2.66666666666667	0.333333333333333	0	0	0	*	*
temp_vcf4_Anhui_ferret27_day1.vcf	NA	763	AAA	0	0	0	2.66666666666667	0.333333333333333	2.66666666666667	0.333333333333333	0	0	0	*	*
temp_vcf4_Anhui_ferret27_day1.vcf	NA	766	GAG	0	0	0	2.66666666666667	0.333333333333333	2.66666666666667	0.333333333333333	0	0	0	*	*
temp_vcf4_Anhui_ferret27_day1.vcf	NA	769	GGG	0	0	0	2	1	2	1	0	0	0	*	*
temp_vcf4_Anhui_ferret27_day1.vcf	NA	772	AAA	0	0	0	2.66666666666667	0.333333333333333	2.66666666666667	0.333333333333333	0	0	0	*	*
temp_vcf4_Anhui_ferret27_day1.vcf	NA	775	ATA	0	0	0	2.33333333333333	0.666666666666667	2.33333333333333	0.666666666666667	0	0	0	*	*
temp_vcf4_Anhui_ferret27_day1.vcf	NA	778	TTG	0	0	0	2.33333333333333	0.666666666666667	2.33333333333333	0.666666666666667	0	0	0	*	*
temp_vcf4_Anhui_ferret27_day1.vcf	NA	781	AAA	0	0	0	2.66666666666667	0.333333333333333	2.66666666666667	0.333333333333333	0	0	0	*	*
temp_vcf4_Anhui_ferret27_day1.vcf	NA	784	TGG	0	0	0	3	0	3	0	0	0	0	*	*
temp_vcf4_Anhui_ferret27_day1.vcf	NA	787	GAG	0	0	0	2.66666666666667	0.333333333333333	2.66666666666667	0.333333333333333	0	0	0	*	*
temp_vcf4_Anhui_ferret27_day1.vcf	NA	790	TCT	0	0	0	2	1	2	1	0	0	0	*	*
temp_vcf4_Anhui_ferret27_day1.vcf	NA	793	CTG	0	0	0	1.66666666666667	1.33333333333333	1.66666666666667	1.33333333333333	0	0	0	*	*
temp_vcf4_Anhui_ferret27_day1.vcf	NA	796	ACT	0	0	0	2	1	2	1	0	0	0	*	*
temp_vcf4_Anhui_ferret27_day1.vcf	NA	799	GGA	0	0	0	2	1	2	1	0	0	0	*	*
temp_vcf4_Anhui_ferret27_day1.vcf	NA	802	ACT	0	0	0	2	1	2	1	0	0	0	*	*
temp_vcf4_Anhui_ferret27_day1.vcf	NA	805	GCT	0	0	0	2	1	2	1	0	0	0	*	*
temp_vcf4_Anhui_ferret27_day1.vcf	NA	808	AAG	0	0	0	2.66666666666667	0.333333333333333	2.66666666666667	0.333333333333333	0	0	0	*	*
temp_vcf4_Anhui_ferret27_day1.vcf	NA	811	CAT	0	0	0	2.66666666666667	0.333333333333333	2.66666666666667	0.333333333333333	0	0	0	*	*
temp_vcf4_Anhui_ferret27_day1.vcf	NA	814	ATT	0	0	0	2.33333333333333	0.666666666666667	2.33333333333333	0.666666666666667	0	0	0	*	*
temp_vcf4_Anhui_ferret27_day1.vcf	NA	817	GAA	0	0	0	2.66666666666667	0.333333333333333	2.66666666666667	0.333333333333333	0	0	0	*	*
temp_vcf4_Anhui_ferret27_day1.vcf	NA	820	GAA	0	0	0	2.66666666666667	0.333333333333333	2.66666666666667	0.333333333333333	0	0	0	*	*
temp_vcf4_Anhui_ferret27_day1.vcf	NA	823	TGC	0	0	0.173914239371858	2.5	0.5	2.5	0.5	0	0.0962065483917496	0.173901696876591	*	0.173901696876591
temp_vcf4_Anhui_ferret27_day1.vcf	NA	826	TCA	0	0	0	2	1	2	1	0	0	0	*	*
temp_vcf4_Anhui_ferret27_day1.vcf	NA	829	TGT	0	0	0	2.5	0.5	2.5	0.5	0	0	0	*	*
temp_vcf4_Anhui_ferret27_day1.vcf	NA	832	TAC	0	0	0	2	1	2	1	0	0	0	*	*
temp_vcf4_Anhui_ferret27_day1.vcf	NA	835	GGG	0	0	0	2	1	2	1	0	0	0	*	*
temp_vcf4_Anhui_ferret27_day1.vcf	NA	838	GAA	0	0	0	2.66666666666667	0.333333333333333	2.66666666666667	0.333333333333333	0	0	0	*	*
temp_vcf4_Anhui_ferret27_day1.vcf	NA	841	CGA	0	0	0	1.5	1.5	1.5	1.5	0	0	0	*	*
temp_vcf4_Anhui_ferret27_day1.vcf	NA	844	ACA	0	0	0	2	1	2	1	0	0	0	*	*
temp_vcf4_Anhui_ferret27_day1.vcf	NA	847	GGA	0	0	0	2	1	2	1	0	0	0	*	*
temp_vcf4_Anhui_ferret27_day1.vcf	NA	850	ATT	0	0	0	2.33333333333333	0.666666666666667	2.33333333333333	0.666666666666667	0	0	0	*	*
temp_vcf4_Anhui_ferret27_day1.vcf	NA	853	ACC	0	0	0	2	1	2	1	0	0	0	*	*
temp_vcf4_Anhui_ferret27_day1.vcf	NA	856	TGC	0	0	0	2.5	0.5	2.5	0.5	0	0	0	*	*
temp_vcf4_Anhui_ferret27_day1.vcf	NA	859	ACA	0	0	0	2	1	2	1	0	0	0	*	*
temp_vcf4_Anhui_ferret27_day1.vcf	NA	862	TGC	0	0	0	2.5	0.5	2.5	0.5	0	0	0	*	*
temp_vcf4_Anhui_ferret27_day1.vcf	NA	865	AGG	0	0	0	2.33333333333333	0.666666666666667	2.33333333333333	0.666666666666667	0	0	0	*	*
temp_vcf4_Anhui_ferret27_day1.vcf	NA	868	GAC	0	0	0	2.66666666666667	0.333333333333333	2.66666666666667	0.333333333333333	0	0	0	*	*
temp_vcf4_Anhui_ferret27_day1.vcf	NA	871	AAT	0	0	0	2.66666666666667	0.333333333333333	2.66666666666667	0.333333333333333	0	0	0	*	*
temp_vcf4_Anhui_ferret27_day1.vcf	NA	874	TGG	0	0	0	3	0	3	0	0	0	0	*	*
temp_vcf4_Anhui_ferret27_day1.vcf	NA	877	CAG	0	0	0	2.66666666666667	0.333333333333333	2.66666666666667	0.333333333333333	0	0	0	*	*
temp_vcf4_Anhui_ferret27_day1.vcf	NA	880	GGC	0	0	0	2	1	2	1	0	0	0	*	*
temp_vcf4_Anhui_ferret27_day1.vcf	NA	883	TCA	0	0	0	2	1	2	1	0	0	0	*	*
temp_vcf4_Anhui_ferret27_day1.vcf	NA	886	AAT	0	0	0	2.66666666666667	0.333333333333333	2.66666666666667	0.333333333333333	0	0	0	*	*
temp_vcf4_Anhui_ferret27_day1.vcf	NA	889	AGA	0	0	0	2.16666666666667	0.833333333333333	2.16666666666667	0.833333333333333	0	0	0	*	*
temp_vcf4_Anhui_ferret27_day1.vcf	NA	892	CCA	0	0	0	2	1	2	1	0	0	0	*	*
temp_vcf4_Anhui_ferret27_day1.vcf	NA	895	GTG	0	0	0	2	1	2	1	0	0	0	*	*
temp_vcf4_Anhui_ferret27_day1.vcf	NA	898	ATT	0	0.0502862871121898	0	2.32473087616739	0.675269123832609	2.33333333333333	0.666666666666667	0.0258073714978256	0	0.0502827021483978	0.0502827021483978	*
temp_vcf4_Anhui_ferret27_day1.vcf	NA	901	CAG	0	0	0	2.66666666666667	0.333333333333333	2.66666666666667	0.333333333333333	0	0	0	*	*
temp_vcf4_Anhui_ferret27_day1.vcf	NA	904	ATA	0	0	0	2.33333333333333	0.666666666666667	2.33333333333333	0.666666666666667	0	0	0	*	*
temp_vcf4_Anhui_ferret27_day1.vcf	NA	907	GAC	0	0	0	2.66666666666667	0.333333333333333	2.66666666666667	0.333333333333333	0	0	0	*	*
temp_vcf4_Anhui_ferret27_day1.vcf	NA	910	CCA	0	0	0	2	1	2	1	0	0	0	*	*
temp_vcf4_Anhui_ferret27_day1.vcf	NA	913	GTA	0	0	0	2	1	2	1	0	0	0	*	*
temp_vcf4_Anhui_ferret27_day1.vcf	NA	916	GCA	0	0	0	2	1	2	1	0	0	0	*	*
temp_vcf4_Anhui_ferret27_day1.vcf	NA	919	ATG	0	0	0	3	0	3	0	0	0	0	*	*
temp_vcf4_Anhui_ferret27_day1.vcf	NA	922	ACA	0	0	0	2	1	2	1	0	0	0	*	*
temp_vcf4_Anhui_ferret27_day1.vcf	NA	925	CAC	0	0	0	2.66666666666667	0.333333333333333	2.66666666666667	0.333333333333333	0	0	0	*	*
temp_vcf4_Anhui_ferret27_day1.vcf	NA	928	ACT	0	0	0	2	1	2	1	0	0	0	*	*
temp_vcf4_Anhui_ferret27_day1.vcf	NA	931	AGT	0	0	0	2.66666666666667	0.333333333333333	2.66666666666667	0.333333333333333	0	0	0	*	*
temp_vcf4_Anhui_ferret27_day1.vcf	NA	934	CAA	0	0	0	2.66666666666667	0.333333333333333	2.66666666666667	0.333333333333333	0	0	0	*	*
temp_vcf4_Anhui_ferret27_day1.vcf	NA	937	TAT	0	0	0	2	1	2	1	0	0	0	*	*
temp_vcf4_Anhui_ferret27_day1.vcf	NA	940	ATA	0	0	0	2.33333333333333	0.666666666666667	2.33333333333333	0.666666666666667	0	0	0	*	*
temp_vcf4_Anhui_ferret27_day1.vcf	NA	943	TGC	0	0	0	2.5	0.5	2.5	0.5	0	0	0	*	*
temp_vcf4_Anhui_ferret27_day1.vcf	NA	946	AGT	0	0	0	2.66666666666667	0.333333333333333	2.66666666666667	0.333333333333333	0	0	0	*	*
temp_vcf4_Anhui_ferret27_day1.vcf	NA	949	CCT	0	0	0	2	1	2	1	0	0	0	*	*
temp_vcf4_Anhui_ferret27_day1.vcf	NA	952	GTT	0	0	0	2	1	2	1	0	0	0	*	*
temp_vcf4_Anhui_ferret27_day1.vcf	NA	955	CTT	0	0	0	2	1	2	1	0	0	0	*	*
temp_vcf4_Anhui_ferret27_day1.vcf	NA	958	ACA	0	0	0	2	1	2	1	0	0	0	*	*
temp_vcf4_Anhui_ferret27_day1.vcf	NA	961	GAC	0	0	0	2.66666666666667	0.333333333333333	2.66666666666667	0.333333333333333	0	0	0	*	*
temp_vcf4_Anhui_ferret27_day1.vcf	NA	964	AAT	0	0	0	2.66666666666667	0.333333333333333	2.66666666666667	0.333333333333333	0	0	0	*	*
temp_vcf4_Anhui_ferret27_day1.vcf	NA	967	CCC	0	0	0	2	1	2	1	0	0	0	*	*
temp_vcf4_Anhui_ferret27_day1.vcf	NA	970	CGA	0	0	0	1.5	1.5	1.5	1.5	0	0	0	*	*
temp_vcf4_Anhui_ferret27_day1.vcf	NA	973	CCG	0	0	0	2	1	2	1	0	0	0	*	*
temp_vcf4_Anhui_ferret27_day1.vcf	NA	976	AAT	0	0	0	2.66666666666667	0.333333333333333	2.66666666666667	0.333333333333333	0	0	0	*	*
temp_vcf4_Anhui_ferret27_day1.vcf	NA	979	GAC	0	0	0	2.66666666666667	0.333333333333333	2.66666666666667	0.333333333333333	0	0	0	*	*
temp_vcf4_Anhui_ferret27_day1.vcf	NA	982	CCA	0	0	0	2	1	2	1	0	0	0	*	*
temp_vcf4_Anhui_ferret27_day1.vcf	NA	985	AAT	0	0	0	2.66666666666667	0.333333333333333	2.66666666666667	0.333333333333333	0	0	0	*	*
temp_vcf4_Anhui_ferret27_day1.vcf	NA	988	ATA	0	0	0	2.33333333333333	0.666666666666667	2.33333333333333	0.666666666666667	0	0	0	*	*
temp_vcf4_Anhui_ferret27_day1.vcf	NA	991	GGT	0	0	0	2	1	2	1	0	0	0	*	*
temp_vcf4_Anhui_ferret27_day1.vcf	NA	994	AAG	0	0	0	2.66666666666667	0.333333333333333	2.66666666666667	0.333333333333333	0	0	0	*	*
temp_vcf4_Anhui_ferret27_day1.vcf	NA	997	TGT	0	0	0	2.5	0.5	2.5	0.5	0	0	0	*	*
temp_vcf4_Anhui_ferret27_day1.vcf	NA	1000	AAT	0	0	0	2.66666666666667	0.333333333333333	2.66666666666667	0.333333333333333	0	0	0	*	*
temp_vcf4_Anhui_ferret27_day1.vcf	NA	1003	GAC	0	0	0	2.66666666666667	0.333333333333333	2.66666666666667	0.333333333333333	0	0	0	*	*
temp_vcf4_Anhui_ferret27_day1.vcf	NA	1006	CCT	0	0	0	2	1	2	1	0	0	0	*	*
temp_vcf4_Anhui_ferret27_day1.vcf	NA	1009	TAT	0	0	0	2	1	2	1	0	0	0	*	*
temp_vcf4_Anhui_ferret27_day1.vcf	NA	1012	CCA	0	0	0	2	1	2	1	0	0	0	*	*
temp_vcf4_Anhui_ferret27_day1.vcf	NA	1015	GGT	0	0	0	2	1	2	1	0	0	0	*	*
temp_vcf4_Anhui_ferret27_day1.vcf	NA	1018	AAT	0	0	0	2.66666666666667	0.333333333333333	2.66666666666667	0.333333333333333	0	0	0	*	*
temp_vcf4_Anhui_ferret27_day1.vcf	NA	1021	AAT	0	0	0	2.66666666666667	0.333333333333333	2.66666666666667	0.333333333333333	0	0	0	*	*
temp_vcf4_Anhui_ferret27_day1.vcf	NA	1024	AAC	0	0	0	2.66666666666667	0.333333333333333	2.66666666666667	0.333333333333333	0	0	0	*	*
temp_vcf4_Anhui_ferret27_day1.vcf	NA	1027	AAT	0	0	0	2.66666666666667	0.333333333333333	2.66666666666667	0.333333333333333	0	0	0	*	*
temp_vcf4_Anhui_ferret27_day1.vcf	NA	1030	GGA	0	0	0	2	1	2	1	0	0	0	*	*
temp_vcf4_Anhui_ferret27_day1.vcf	NA	1033	GTC	0	0	0	2	1	2	1	0	0	0	*	*
temp_vcf4_Anhui_ferret27_day1.vcf	NA	1036	AAG	0	0	0	2.66666666666667	0.333333333333333	2.66666666666667	0.333333333333333	0	0	0	*	*
temp_vcf4_Anhui_ferret27_day1.vcf	NA	1039	GGA	0	0	0	2	1	2	1	0	0	0	*	*
temp_vcf4_Anhui_ferret27_day1.vcf	NA	1042	TTC	0	0	0	2.66666666666667	0.333333333333333	2.66666666666667	0.333333333333333	0	0	0	*	*
temp_vcf4_Anhui_ferret27_day1.vcf	NA	1045	TCA	0	0	0	2	1	2	1	0	0	0	*	*
temp_vcf4_Anhui_ferret27_day1.vcf	NA	1048	TAC	0	0	0	2	1	2	1	0	0	0	*	*
temp_vcf4_Anhui_ferret27_day1.vcf	NA	1051	CTG	0	0	0	1.66666666666667	1.33333333333333	1.66666666666667	1.33333333333333	0	0	0	*	*
temp_vcf4_Anhui_ferret27_day1.vcf	NA	1054	GAT	0	0	0	2.66666666666667	0.333333333333333	2.66666666666667	0.333333333333333	0	0	0	*	*
temp_vcf4_Anhui_ferret27_day1.vcf	NA	1057	GGG	0	0	0	2	1	2	1	0	0	0	*	*
temp_vcf4_Anhui_ferret27_day1.vcf	NA	1060	GCT	0	0	0	2	1	2	1	0	0	0	*	*
temp_vcf4_Anhui_ferret27_day1.vcf	NA	1063	AAC	0	0	0	2.66666666666667	0.333333333333333	2.66666666666667	0.333333333333333	0	0	0	*	*
temp_vcf4_Anhui_ferret27_day1.vcf	NA	1066	ACT	0	0	0	2	1	2	1	0	0	0	*	*
temp_vcf4_Anhui_ferret27_day1.vcf	NA	1069	TGG	0	0	0	3	0	3	0	0	0	0	*	*
temp_vcf4_Anhui_ferret27_day1.vcf	NA	1072	CTA	0	0	0	1.66666666666667	1.33333333333333	1.66666666666667	1.33333333333333	0	0	0	*	*
temp_vcf4_Anhui_ferret27_day1.vcf	NA	1075	GGG	0	0	0	2	1	2	1	0	0	0	*	*
temp_vcf4_Anhui_ferret27_day1.vcf	NA	1078	AGG	0	0	0	2.33333333333333	0.666666666666667	2.33333333333333	0.666666666666667	0	0	0	*	*
temp_vcf4_Anhui_ferret27_day1.vcf	NA	1081	ACA	0	0	0	2	1	2	1	0	0	0	*	*
temp_vcf4_Anhui_ferret27_day1.vcf	NA	1084	ATA	0	0	0	2.33333333333333	0.666666666666667	2.33333333333333	0.666666666666667	0	0	0	*	*
temp_vcf4_Anhui_ferret27_day1.vcf	NA	1087	AGC	0	0	0	2.66666666666667	0.333333333333333	2.66666666666667	0.333333333333333	0	0	0	*	*
temp_vcf4_Anhui_ferret27_day1.vcf	NA	1090	ACA	0	0	0	2	1	2	1	0	0	0	*	*
temp_vcf4_Anhui_ferret27_day1.vcf	NA	1093	GCC	0	0	0	2	1	2	1	0	0	0	*	*
temp_vcf4_Anhui_ferret27_day1.vcf	NA	1096	TCG	0	0	0	2	1	2	1	0	0	0	*	*
temp_vcf4_Anhui_ferret27_day1.vcf	NA	1099	AGG	0	0	0	2.33333333333333	0.666666666666667	2.33333333333333	0.666666666666667	0	0	0	*	*
temp_vcf4_Anhui_ferret27_day1.vcf	NA	1102	TCT	0	0	0	2	1	2	1	0	0	0	*	*
temp_vcf4_Anhui_ferret27_day1.vcf	NA	1105	GGA	0	0	0	2	1	2	1	0	0	0	*	*
temp_vcf4_Anhui_ferret27_day1.vcf	NA	1108	TAC	0	0	0	2	1	2	1	0	0	0	*	*
temp_vcf4_Anhui_ferret27_day1.vcf	NA	1111	GAG	0	0	0	2.66666666666667	0.333333333333333	2.66666666666667	0.333333333333333	0	0	0	*	*
temp_vcf4_Anhui_ferret27_day1.vcf	NA	1114	ATG	0	0	0	3	0	3	0	0	0	0	*	*
temp_vcf4_Anhui_ferret27_day1.vcf	NA	1117	TTA	0	0	0	2.33333333333333	0.666666666666667	2.33333333333333	0.666666666666667	0	0	0	*	*
temp_vcf4_Anhui_ferret27_day1.vcf	NA	1120	AAA	0	0	0	2.66666666666667	0.333333333333333	2.66666666666667	0.333333333333333	0	0	0	*	*
temp_vcf4_Anhui_ferret27_day1.vcf	NA	1123	GTG	0	0	0	2	1	2	1	0	0	0	*	*
temp_vcf4_Anhui_ferret27_day1.vcf	NA	1126	CCA	0	0	0	2	1	2	1	0	0	0	*	*
temp_vcf4_Anhui_ferret27_day1.vcf	NA	1129	AAT	0	0	0	2.66666666666667	0.333333333333333	2.66666666666667	0.333333333333333	0	0	0	*	*
temp_vcf4_Anhui_ferret27_day1.vcf	NA	1132	GCA	0	0	0	2	1	2	1	0	0	0	*	*
temp_vcf4_Anhui_ferret27_day1.vcf	NA	1135	TTG	0	0	0	2.33333333333333	0.666666666666667	2.33333333333333	0.666666666666667	0	0	0	*	*
temp_vcf4_Anhui_ferret27_day1.vcf	NA	1138	ACA	0	0	0	2	1	2	1	0	0	0	*	*
temp_vcf4_Anhui_ferret27_day1.vcf	NA	1141	GAT	0	0	0	2.66666666666667	0.333333333333333	2.66666666666667	0.333333333333333	0	0	0	*	*
temp_vcf4_Anhui_ferret27_day1.vcf	NA	1144	GAT	0	0	0	2.66666666666667	0.333333333333333	2.66666666666667	0.333333333333333	0	0	0	*	*
temp_vcf4_Anhui_ferret27_day1.vcf	NA	1147	AGA	0	0	0	2.16666666666667	0.833333333333333	2.16666666666667	0.833333333333333	0	0	0	*	*
temp_vcf4_Anhui_ferret27_day1.vcf	NA	1150	TCA	0	0	0	2	1	2	1	0	0	0	*	*
temp_vcf4_Anhui_ferret27_day1.vcf	NA	1153	AAG	0	0	0	2.66666666666667	0.333333333333333	2.66666666666667	0.333333333333333	0	0	0	*	*
temp_vcf4_Anhui_ferret27_day1.vcf	NA	1156	CCC	0	0	0	2	1	2	1	0	0	0	*	*
temp_vcf4_Anhui_ferret27_day1.vcf	NA	1159	ATT	0	0	0	2.33333333333333	0.666666666666667	2.33333333333333	0.666666666666667	0	0	0	*	*
temp_vcf4_Anhui_ferret27_day1.vcf	NA	1162	CAA	0	0	0	2.66666666666667	0.333333333333333	2.66666666666667	0.333333333333333	0	0	0	*	*
temp_vcf4_Anhui_ferret27_day1.vcf	NA	1165	GGT	0	0	0	2	1	2	1	0	0	0	*	*
temp_vcf4_Anhui_ferret27_day1.vcf	NA	1168	CAG	0	0	0	2.66666666666667	0.333333333333333	2.66666666666667	0.333333333333333	0	0	0	*	*
temp_vcf4_Anhui_ferret27_day1.vcf	NA	1171	ACA	0	0	0	2	1	2	1	0	0	0	*	*
temp_vcf4_Anhui_ferret27_day1.vcf	NA	1174	ATT	0	0	0	2.33333333333333	0.666666666666667	2.33333333333333	0.666666666666667	0	0	0	*	*
temp_vcf4_Anhui_ferret27_day1.vcf	NA	1177	GTA	0	0	0	2	1	2	1	0	0	0	*	*
temp_vcf4_Anhui_ferret27_day1.vcf	NA	1180	TTA	0	0	0	2.33333333333333	0.666666666666667	2.33333333333333	0.666666666666667	0	0	0	*	*
temp_vcf4_Anhui_ferret27_day1.vcf	NA	1183	AAC	0	0	0	2.66666666666667	0.333333333333333	2.66666666666667	0.333333333333333	0	0	0	*	*
temp_vcf4_Anhui_ferret27_day1.vcf	NA	1186	GCT	0	0	0	2	1	2	1	0	0	0	*	*
temp_vcf4_Anhui_ferret27_day1.vcf	NA	1189	GAC	0	0	0	2.66666666666667	0.333333333333333	2.66666666666667	0.333333333333333	0	0	0	*	*
temp_vcf4_Anhui_ferret27_day1.vcf	NA	1192	TGG	0	0	0	3	0	3	0	0	0	0	*	*
temp_vcf4_Anhui_ferret27_day1.vcf	NA	1195	AGT	0	0.0707232429784723	0	2.66054873465297	0.339451265347031	2.66666666666667	0.333333333333333	0.0367075920821849	0	0.0707202895314256	0.0707202895314256	*
temp_vcf4_Anhui_ferret27_day1.vcf	NA	1198	GGT	0	0	0	2	1	2	1	0	0	0	*	*
temp_vcf4_Anhui_ferret27_day1.vcf	NA	1201	TAC	0	0	0	2	1	2	1	0	0	0	*	*
temp_vcf4_Anhui_ferret27_day1.vcf	NA	1204	AGT	0	0	0	2.66666666666667	0.333333333333333	2.66666666666667	0.333333333333333	0	0	0	*	*
temp_vcf4_Anhui_ferret27_day1.vcf	NA	1207	GGA	0	0	0	2	1	2	1	0	0	0	*	*
temp_vcf4_Anhui_ferret27_day1.vcf	NA	1210	TCT	0	0	0	2	1	2	1	0	0	0	*	*
temp_vcf4_Anhui_ferret27_day1.vcf	NA	1213	TTC	0	0	0	2.66666666666667	0.333333333333333	2.66666666666667	0.333333333333333	0	0	0	*	*
temp_vcf4_Anhui_ferret27_day1.vcf	NA	1216	ATG	0	0	0	3	0	3	0	0	0	0	*	*
temp_vcf4_Anhui_ferret27_day1.vcf	NA	1219	GAC	0	0	0	2.66666666666667	0.333333333333333	2.66666666666667	0.333333333333333	0	0	0	*	*
temp_vcf4_Anhui_ferret27_day1.vcf	NA	1222	TAT	0	0	0	2	1	2	1	0	0	0	*	*
temp_vcf4_Anhui_ferret27_day1.vcf	NA	1225	TGG	0	0	0	3	0	3	0	0	0	0	*	*
temp_vcf4_Anhui_ferret27_day1.vcf	NA	1228	GCT	0	0	0	2	1	2	1	0	0	0	*	*
temp_vcf4_Anhui_ferret27_day1.vcf	NA	1231	GAA	0	0	0	2.66666666666667	0.333333333333333	2.66666666666667	0.333333333333333	0	0	0	*	*
temp_vcf4_Anhui_ferret27_day1.vcf	NA	1234	GGG	0	0	0	2	1	2	1	0	0	0	*	*
temp_vcf4_Anhui_ferret27_day1.vcf	NA	1237	GAC	0	0	0	2.66666666666667	0.333333333333333	2.66666666666667	0.333333333333333	0	0	0	*	*
temp_vcf4_Anhui_ferret27_day1.vcf	NA	1240	TGC	0	0	0	2.5	0.5	2.5	0.5	0	0	0	*	*
temp_vcf4_Anhui_ferret27_day1.vcf	NA	1243	TAT	0	0	0	2	1	2	1	0	0	0	*	*
temp_vcf4_Anhui_ferret27_day1.vcf	NA	1246	CGA	0	0	0	1.5	1.5	1.5	1.5	0	0	0	*	*
temp_vcf4_Anhui_ferret27_day1.vcf	NA	1249	GCG	0	0	0	2	1	2	1	0	0	0	*	*
temp_vcf4_Anhui_ferret27_day1.vcf	NA	1252	TGT	0	0	0	2.5	0.5	2.5	0.5	0	0	0	*	*
temp_vcf4_Anhui_ferret27_day1.vcf	NA	1255	TTT	0	0	0	2.66666666666667	0.333333333333333	2.66666666666667	0.333333333333333	0	0	0	*	*
temp_vcf4_Anhui_ferret27_day1.vcf	NA	1258	TAT	0	0	0	2	1	2	1	0	0	0	*	*
temp_vcf4_Anhui_ferret27_day1.vcf	NA	1261	GTG	0	0	0	2	1	2	1	0	0	0	*	*
temp_vcf4_Anhui_ferret27_day1.vcf	NA	1264	GAG	0	0	0	2.66666666666667	0.333333333333333	2.66666666666667	0.333333333333333	0	0	0	*	*
temp_vcf4_Anhui_ferret27_day1.vcf	NA	1267	TTG	0	0	0	2.33333333333333	0.666666666666667	2.33333333333333	0.666666666666667	0	0	0	*	*
temp_vcf4_Anhui_ferret27_day1.vcf	NA	1270	ATA	0	0	0	2.33333333333333	0.666666666666667	2.33333333333333	0.666666666666667	0	0	0	*	*
temp_vcf4_Anhui_ferret27_day1.vcf	NA	1273	CGT	0	0	0	2	1	2	1	0	0	0	*	*
temp_vcf4_Anhui_ferret27_day1.vcf	NA	1276	GGA	0	0	0	2	1	2	1	0	0	0	*	*
temp_vcf4_Anhui_ferret27_day1.vcf	NA	1279	AGA	0	0	0	2.16666666666667	0.833333333333333	2.16666666666667	0.833333333333333	0	0	0	*	*
temp_vcf4_Anhui_ferret27_day1.vcf	NA	1282	CCC	0	0	0	2	1	2	1	0	0	0	*	*
temp_vcf4_Anhui_ferret27_day1.vcf	NA	1285	AAG	0	0	0	2.66666666666667	0.333333333333333	2.66666666666667	0.333333333333333	0	0	0	*	*
temp_vcf4_Anhui_ferret27_day1.vcf	NA	1288	GAA	0	0	0	2.66666666666667	0.333333333333333	2.66666666666667	0.333333333333333	0	0	0	*	*
temp_vcf4_Anhui_ferret27_day1.vcf	NA	1291	GAT	0	0	0	2.66666666666667	0.333333333333333	2.66666666666667	0.333333333333333	0	0	0	*	*
temp_vcf4_Anhui_ferret27_day1.vcf	NA	1294	AAA	0	0.0517924807644582	0	2.66666666666667	0.333333333333333	2.66666666666667	0.333333333333333	0.026602176541717	0	0.0517890014899207	0.0517890014899207	*
temp_vcf4_Anhui_ferret27_day1.vcf	NA	1297	GTG	0	0	0	2	1	2	1	0	0	0	*	*
temp_vcf4_Anhui_ferret27_day1.vcf	NA	1300	TGG	0	0	0	3	0	3	0	0	0	0	*	*
temp_vcf4_Anhui_ferret27_day1.vcf	NA	1303	TGG	0	0	0	3	0	3	0	0	0	0	*	*
temp_vcf4_Anhui_ferret27_day1.vcf	NA	1306	ACC	0	0	0	2	1	2	1	0	0	0	*	*
temp_vcf4_Anhui_ferret27_day1.vcf	NA	1309	AGC	0	0	0	2.66666666666667	0.333333333333333	2.66666666666667	0.333333333333333	0	0	0	*	*
temp_vcf4_Anhui_ferret27_day1.vcf	NA	1312	AAT	0	0	0	2.66666666666667	0.333333333333333	2.66666666666667	0.333333333333333	0	0	0	*	*
temp_vcf4_Anhui_ferret27_day1.vcf	NA	1315	AGT	0	0	0	2.66666666666667	0.333333333333333	2.66666666666667	0.333333333333333	0	0	0	*	*
temp_vcf4_Anhui_ferret27_day1.vcf	NA	1318	ATA	0	0	0	2.33333333333333	0.666666666666667	2.33333333333333	0.666666666666667	0	0	0	*	*
temp_vcf4_Anhui_ferret27_day1.vcf	NA	1321	GTA	0	0	0	2	1	2	1	0	0	0	*	*
temp_vcf4_Anhui_ferret27_day1.vcf	NA	1324	TCG	0	0	0	2	1	2	1	0	0	0	*	*
temp_vcf4_Anhui_ferret27_day1.vcf	NA	1327	ATG	0	0	0	3	0	3	0	0	0	0	*	*
temp_vcf4_Anhui_ferret27_day1.vcf	NA	1330	TGT	0	0	0	2.5	0.5	2.5	0.5	0	0	0	*	*
temp_vcf4_Anhui_ferret27_day1.vcf	NA	1333	TCC	0	0	0	2	1	2	1	0	0	0	*	*
temp_vcf4_Anhui_ferret27_day1.vcf	NA	1336	AGT	0	0	0	2.66666666666667	0.333333333333333	2.66666666666667	0.333333333333333	0	0	0	*	*
temp_vcf4_Anhui_ferret27_day1.vcf	NA	1339	ACA	0	0	0	2	1	2	1	0	0	0	*	*
temp_vcf4_Anhui_ferret27_day1.vcf	NA	1342	GAA	0	0	0	2.66666666666667	0.333333333333333	2.66666666666667	0.333333333333333	0	0	0	*	*
temp_vcf4_Anhui_ferret27_day1.vcf	NA	1345	TTC	0	0	0	2.66666666666667	0.333333333333333	2.66666666666667	0.333333333333333	0	0	0	*	*
temp_vcf4_Anhui_ferret27_day1.vcf	NA	1348	CTG	0	0	0	1.66666666666667	1.33333333333333	1.66666666666667	1.33333333333333	0	0	0	*	*
temp_vcf4_Anhui_ferret27_day1.vcf	NA	1351	GGA	0	0	0	2	1	2	1	0	0	0	*	*
temp_vcf4_Anhui_ferret27_day1.vcf	NA	1354	CAA	0	0	0	2.66666666666667	0.333333333333333	2.66666666666667	0.333333333333333	0	0	0	*	*
temp_vcf4_Anhui_ferret27_day1.vcf	NA	1357	TGG	0	0	0	3	0	3	0	0	0	0	*	*
temp_vcf4_Anhui_ferret27_day1.vcf	NA	1360	AAC	0	0	0	2.66666666666667	0.333333333333333	2.66666666666667	0.333333333333333	0	0	0	*	*
temp_vcf4_Anhui_ferret27_day1.vcf	NA	1363	TGG	0	0	0	3	0	3	0	0	0	0	*	*
temp_vcf4_Anhui_ferret27_day1.vcf	NA	1366	CCT	0	0	0	2	1	2	1	0	0	0	*	*
temp_vcf4_Anhui_ferret27_day1.vcf	NA	1369	GAT	0	0	0	2.66666666666667	0.333333333333333	2.66666666666667	0.333333333333333	0	0	0	*	*
temp_vcf4_Anhui_ferret27_day1.vcf	NA	1372	GGG	0	0	0	2	1	2	1	0	0	0	*	*
temp_vcf4_Anhui_ferret27_day1.vcf	NA	1375	GCT	0	0	0	2	1	2	1	0	0	0	*	*
temp_vcf4_Anhui_ferret27_day1.vcf	NA	1378	AAA	0	0.405663407607196	0	2.52531073446328	0.474689265536723	2.66666666666667	0.333333333333333	0.28271186440678	0	0.405571732260845	0.405571732260845	*
temp_vcf4_Anhui_ferret27_day1.vcf	NA	1381	ATA	0	0	0	2.33333333333333	0.666666666666667	2.33333333333333	0.666666666666667	0	0	0	*	*
temp_vcf4_Anhui_ferret27_day1.vcf	NA	1384	GAG	0	0	0	2.66666666666667	0.333333333333333	2.66666666666667	0.333333333333333	0	0	0	*	*
temp_vcf4_Anhui_ferret27_day1.vcf	NA	1387	TAC	0	0	0	2	1	2	1	0	0	0	*	*
temp_vcf4_Anhui_ferret27_day1.vcf	NA	1390	TTC	0	0	0	2.66666666666667	0.333333333333333	2.66666666666667	0.333333333333333	0	0	0	*	*
temp_vcf4_Anhui_ferret27_day1.vcf	NA	1393	CTC	0	0	0	2	1	2	1	0	0	0	*	*
temp_vcf4_Anhui_ferret27_day1.vcf	NA	1396	TAA	0	0	0	0	0	0	0	0	0	0	*	*
