file	product	site	codon	num_overlap_ORF_nts	N_diffs	S_diffs	N_sites	S_sites	N_sites_ref	S_sites_ref	N_diffs_vs_ref	S_diffs_vs_ref	gdiv	N_gdiv	S_gdiv
temp_vcf4_CA04_ferret35_day1.vcf	NA	1	ATG	0	0	0	3	0	3	0	0	0	0	*	*
temp_vcf4_CA04_ferret35_day1.vcf	NA	4	AAT	0	0	0	2.66666666666667	0.333333333333333	2.66666666666667	0.333333333333333	0	0	0	*	*
temp_vcf4_CA04_ferret35_day1.vcf	NA	7	CCA	0	0	0	2	1	2	1	0	0	0	*	*
temp_vcf4_CA04_ferret35_day1.vcf	NA	10	AAC	0	0	0	2.66666666666667	0.333333333333333	2.66666666666667	0.333333333333333	0	0	0	*	*
temp_vcf4_CA04_ferret35_day1.vcf	NA	13	CAA	0	0	0	2.66666666666667	0.333333333333333	2.66666666666667	0.333333333333333	0	0	0	*	*
temp_vcf4_CA04_ferret35_day1.vcf	NA	16	AAG	0	0	0	2.66666666666667	0.333333333333333	2.66666666666667	0.333333333333333	0	0	0	*	*
temp_vcf4_CA04_ferret35_day1.vcf	NA	19	ATA	0	0	0	2.33333333333333	0.666666666666667	2.33333333333333	0.666666666666667	0	0	0	*	*
temp_vcf4_CA04_ferret35_day1.vcf	NA	22	ATA	0	0	0	2.33333333333333	0.666666666666667	2.33333333333333	0.666666666666667	0	0	0	*	*
temp_vcf4_CA04_ferret35_day1.vcf	NA	25	ACC	0	0	0	2	1	2	1	0	0	0	*	*
temp_vcf4_CA04_ferret35_day1.vcf	NA	28	ATT	0	0	0	2.33333333333333	0.666666666666667	2.33333333333333	0.666666666666667	0	0	0	*	*
temp_vcf4_CA04_ferret35_day1.vcf	NA	31	GGT	0	0	0	2	1	2	1	0	0	0	*	*
temp_vcf4_CA04_ferret35_day1.vcf	NA	34	TCG	0	0	0	2	1	2	1	0	0	0	*	*
temp_vcf4_CA04_ferret35_day1.vcf	NA	37	GTC	0	0	0	2	1	2	1	0	0	0	*	*
temp_vcf4_CA04_ferret35_day1.vcf	NA	40	TGT	0	0	0	2.5	0.5	2.5	0.5	0	0	0	*	*
temp_vcf4_CA04_ferret35_day1.vcf	NA	43	ATG	0	0	0	3	0	3	0	0	0	0	*	*
temp_vcf4_CA04_ferret35_day1.vcf	NA	46	ACA	0	0	0	2	1	2	1	0	0	0	*	*
temp_vcf4_CA04_ferret35_day1.vcf	NA	49	ATT	0	0	0	2.33333333333333	0.666666666666667	2.33333333333333	0.666666666666667	0	0	0	*	*
temp_vcf4_CA04_ferret35_day1.vcf	NA	52	GGA	0	0	0	2	1	2	1	0	0	0	*	*
temp_vcf4_CA04_ferret35_day1.vcf	NA	55	ATG	0	0	0	3	0	3	0	0	0	0	*	*
temp_vcf4_CA04_ferret35_day1.vcf	NA	58	GCT	0	0	0	2	1	2	1	0	0	0	*	*
temp_vcf4_CA04_ferret35_day1.vcf	NA	61	AAC	0	0	0	2.66666666666667	0.333333333333333	2.66666666666667	0.333333333333333	0	0	0	*	*
temp_vcf4_CA04_ferret35_day1.vcf	NA	64	TTA	0	0	0	2.33333333333333	0.666666666666667	2.33333333333333	0.666666666666667	0	0	0	*	*
temp_vcf4_CA04_ferret35_day1.vcf	NA	67	ATA	0	0	0	2.33333333333333	0.666666666666667	2.33333333333333	0.666666666666667	0	0	0	*	*
temp_vcf4_CA04_ferret35_day1.vcf	NA	70	TTA	0	0	0	2.33333333333333	0.666666666666667	2.33333333333333	0.666666666666667	0	0	0	*	*
temp_vcf4_CA04_ferret35_day1.vcf	NA	73	CAA	0	0	0	2.66666666666667	0.333333333333333	2.66666666666667	0.333333333333333	0	0	0	*	*
temp_vcf4_CA04_ferret35_day1.vcf	NA	76	ATT	0	0	0	2.33333333333333	0.666666666666667	2.33333333333333	0.666666666666667	0	0	0	*	*
temp_vcf4_CA04_ferret35_day1.vcf	NA	79	GGA	0	0	0	2	1	2	1	0	0	0	*	*
temp_vcf4_CA04_ferret35_day1.vcf	NA	82	AAC	0	0	0	2.66666666666667	0.333333333333333	2.66666666666667	0.333333333333333	0	0	0	*	*
temp_vcf4_CA04_ferret35_day1.vcf	NA	85	ATA	0	0	0	2.33333333333333	0.666666666666667	2.33333333333333	0.666666666666667	0	0	0	*	*
temp_vcf4_CA04_ferret35_day1.vcf	NA	88	ATC	0	0	0	2.33333333333333	0.666666666666667	2.33333333333333	0.666666666666667	0	0	0	*	*
temp_vcf4_CA04_ferret35_day1.vcf	NA	91	TCA	0	0	0	2	1	2	1	0	0	0	*	*
temp_vcf4_CA04_ferret35_day1.vcf	NA	94	ATA	0	0	0	2.33333333333333	0.666666666666667	2.33333333333333	0.666666666666667	0	0	0	*	*
temp_vcf4_CA04_ferret35_day1.vcf	NA	97	TGG	0	0	0	3	0	3	0	0	0	0	*	*
temp_vcf4_CA04_ferret35_day1.vcf	NA	100	ATT	0	0	0	2.33333333333333	0.666666666666667	2.33333333333333	0.666666666666667	0	0	0	*	*
temp_vcf4_CA04_ferret35_day1.vcf	NA	103	AGC	0	0	0	2.66666666666667	0.333333333333333	2.66666666666667	0.333333333333333	0	0	0	*	*
temp_vcf4_CA04_ferret35_day1.vcf	NA	106	CAC	0	0	0	2.66666666666667	0.333333333333333	2.66666666666667	0.333333333333333	0	0	0	*	*
temp_vcf4_CA04_ferret35_day1.vcf	NA	109	TCA	0	0	0	2	1	2	1	0	0	0	*	*
temp_vcf4_CA04_ferret35_day1.vcf	NA	112	ATT	0	0	0	2.33333333333333	0.666666666666667	2.33333333333333	0.666666666666667	0	0	0	*	*
temp_vcf4_CA04_ferret35_day1.vcf	NA	115	CAA	0	0	0	2.66666666666667	0.333333333333333	2.66666666666667	0.333333333333333	0	0	0	*	*
temp_vcf4_CA04_ferret35_day1.vcf	NA	118	CTT	0	0	0	2	1	2	1	0	0	0	*	*
temp_vcf4_CA04_ferret35_day1.vcf	NA	121	GGG	0	0	0	2	1	2	1	0	0	0	*	*
temp_vcf4_CA04_ferret35_day1.vcf	NA	124	AAT	0	0	0	2.66666666666667	0.333333333333333	2.66666666666667	0.333333333333333	0	0	0	*	*
temp_vcf4_CA04_ferret35_day1.vcf	NA	127	CAA	0	0	0	2.66666666666667	0.333333333333333	2.66666666666667	0.333333333333333	0	0	0	*	*
temp_vcf4_CA04_ferret35_day1.vcf	NA	130	AAT	0	0	0	2.66666666666667	0.333333333333333	2.66666666666667	0.333333333333333	0	0	0	*	*
temp_vcf4_CA04_ferret35_day1.vcf	NA	133	CAG	0	0	0	2.66666666666667	0.333333333333333	2.66666666666667	0.333333333333333	0	0	0	*	*
temp_vcf4_CA04_ferret35_day1.vcf	NA	136	ATT	0	0	0	2.33333333333333	0.666666666666667	2.33333333333333	0.666666666666667	0	0	0	*	*
temp_vcf4_CA04_ferret35_day1.vcf	NA	139	GAA	0	0	0	2.66666666666667	0.333333333333333	2.66666666666667	0.333333333333333	0	0	0	*	*
temp_vcf4_CA04_ferret35_day1.vcf	NA	142	ACA	0	0	0	2	1	2	1	0	0	0	*	*
temp_vcf4_CA04_ferret35_day1.vcf	NA	145	TGC	0	0	0	2.5	0.5	2.5	0.5	0	0	0	*	*
temp_vcf4_CA04_ferret35_day1.vcf	NA	148	AAT	0	0	0	2.66666666666667	0.333333333333333	2.66666666666667	0.333333333333333	0	0	0	*	*
temp_vcf4_CA04_ferret35_day1.vcf	NA	151	CAA	0	0	0	2.66666666666667	0.333333333333333	2.66666666666667	0.333333333333333	0	0	0	*	*
temp_vcf4_CA04_ferret35_day1.vcf	NA	154	AGC	0	0	0	2.66666666666667	0.333333333333333	2.66666666666667	0.333333333333333	0	0	0	*	*
temp_vcf4_CA04_ferret35_day1.vcf	NA	157	GTC	0	0	0	2	1	2	1	0	0	0	*	*
temp_vcf4_CA04_ferret35_day1.vcf	NA	160	ATT	0	0	0	2.33333333333333	0.666666666666667	2.33333333333333	0.666666666666667	0	0	0	*	*
temp_vcf4_CA04_ferret35_day1.vcf	NA	163	ACT	0	0	0	2	1	2	1	0	0	0	*	*
temp_vcf4_CA04_ferret35_day1.vcf	NA	166	TAT	0	0	0	2	1	2	1	0	0	0	*	*
temp_vcf4_CA04_ferret35_day1.vcf	NA	169	GAA	0	0	0	2.66666666666667	0.333333333333333	2.66666666666667	0.333333333333333	0	0	0	*	*
temp_vcf4_CA04_ferret35_day1.vcf	NA	172	AAC	0	0	0	2.66666666666667	0.333333333333333	2.66666666666667	0.333333333333333	0	0	0	*	*
temp_vcf4_CA04_ferret35_day1.vcf	NA	175	AAC	0	0	0	2.66666666666667	0.333333333333333	2.66666666666667	0.333333333333333	0	0	0	*	*
temp_vcf4_CA04_ferret35_day1.vcf	NA	178	ACT	0	0	0	2	1	2	1	0	0	0	*	*
temp_vcf4_CA04_ferret35_day1.vcf	NA	181	TGG	0	0	0	3	0	3	0	0	0	0	*	*
temp_vcf4_CA04_ferret35_day1.vcf	NA	184	GTA	0	0	0	2	1	2	1	0	0	0	*	*
temp_vcf4_CA04_ferret35_day1.vcf	NA	187	AAT	0	0	0	2.66666666666667	0.333333333333333	2.66666666666667	0.333333333333333	0	0	0	*	*
temp_vcf4_CA04_ferret35_day1.vcf	NA	190	CAG	0	0	0	2.66666666666667	0.333333333333333	2.66666666666667	0.333333333333333	0	0	0	*	*
temp_vcf4_CA04_ferret35_day1.vcf	NA	193	ACA	0	0	0	2	1	2	1	0	0	0	*	*
temp_vcf4_CA04_ferret35_day1.vcf	NA	196	TAT	0	0	0	2	1	2	1	0	0	0	*	*
temp_vcf4_CA04_ferret35_day1.vcf	NA	199	GTT	0	0	0	2	1	2	1	0	0	0	*	*
temp_vcf4_CA04_ferret35_day1.vcf	NA	202	AAC	0	0	0	2.66666666666667	0.333333333333333	2.66666666666667	0.333333333333333	0	0	0	*	*
temp_vcf4_CA04_ferret35_day1.vcf	NA	205	ATC	0	0	0	2.33333333333333	0.666666666666667	2.33333333333333	0.666666666666667	0	0	0	*	*
temp_vcf4_CA04_ferret35_day1.vcf	NA	208	AGC	0	0	0	2.66666666666667	0.333333333333333	2.66666666666667	0.333333333333333	0	0	0	*	*
temp_vcf4_CA04_ferret35_day1.vcf	NA	211	AAC	0	0	0	2.66666666666667	0.333333333333333	2.66666666666667	0.333333333333333	0	0	0	*	*
temp_vcf4_CA04_ferret35_day1.vcf	NA	214	ACC	0	0	0	2	1	2	1	0	0	0	*	*
temp_vcf4_CA04_ferret35_day1.vcf	NA	217	AAC	0	0	0	2.66666666666667	0.333333333333333	2.66666666666667	0.333333333333333	0	0	0	*	*
temp_vcf4_CA04_ferret35_day1.vcf	NA	220	TTT	0	0	0	2.66666666666667	0.333333333333333	2.66666666666667	0.333333333333333	0	0	0	*	*
temp_vcf4_CA04_ferret35_day1.vcf	NA	223	GCT	0	0	0	2	1	2	1	0	0	0	*	*
temp_vcf4_CA04_ferret35_day1.vcf	NA	226	GCT	0	0	0	2	1	2	1	0	0	0	*	*
temp_vcf4_CA04_ferret35_day1.vcf	NA	229	GGA	0	0	0	2	1	2	1	0	0	0	*	*
temp_vcf4_CA04_ferret35_day1.vcf	NA	232	CAG	0	0	0	2.66666666666667	0.333333333333333	2.66666666666667	0.333333333333333	0	0	0	*	*
temp_vcf4_CA04_ferret35_day1.vcf	NA	235	TCA	0	0	0	2	1	2	1	0	0	0	*	*
temp_vcf4_CA04_ferret35_day1.vcf	NA	238	GTG	0	0	0	2	1	2	1	0	0	0	*	*
temp_vcf4_CA04_ferret35_day1.vcf	NA	241	GTT	0	0	0	2	1	2	1	0	0	0	*	*
temp_vcf4_CA04_ferret35_day1.vcf	NA	244	TCC	0	0	0	2	1	2	1	0	0	0	*	*
temp_vcf4_CA04_ferret35_day1.vcf	NA	247	GTG	0	0	0	2	1	2	1	0	0	0	*	*
temp_vcf4_CA04_ferret35_day1.vcf	NA	250	AAA	0	0	0	2.66666666666667	0.333333333333333	2.66666666666667	0.333333333333333	0	0	0	*	*
temp_vcf4_CA04_ferret35_day1.vcf	NA	253	TTA	0	0	0	2.33333333333333	0.666666666666667	2.33333333333333	0.666666666666667	0	0	0	*	*
temp_vcf4_CA04_ferret35_day1.vcf	NA	256	GCG	0	0	0	2	1	2	1	0	0	0	*	*
temp_vcf4_CA04_ferret35_day1.vcf	NA	259	GGC	0	0	0	2	1	2	1	0	0	0	*	*
temp_vcf4_CA04_ferret35_day1.vcf	NA	262	AAT	0	0	0	2.66666666666667	0.333333333333333	2.66666666666667	0.333333333333333	0	0	0	*	*
temp_vcf4_CA04_ferret35_day1.vcf	NA	265	TCC	0	0	0	2	1	2	1	0	0	0	*	*
temp_vcf4_CA04_ferret35_day1.vcf	NA	268	TCT	0	0	0	2	1	2	1	0	0	0	*	*
temp_vcf4_CA04_ferret35_day1.vcf	NA	271	CTC	0	0	0	2	1	2	1	0	0	0	*	*
temp_vcf4_CA04_ferret35_day1.vcf	NA	274	TGC	0	0	0	2.5	0.5	2.5	0.5	0	0	0	*	*
temp_vcf4_CA04_ferret35_day1.vcf	NA	277	CCT	0	0	0	2	1	2	1	0	0	0	*	*
temp_vcf4_CA04_ferret35_day1.vcf	NA	280	GTT	0	0	0	2	1	2	1	0	0	0	*	*
temp_vcf4_CA04_ferret35_day1.vcf	NA	283	AGT	0	0	0	2.66666666666667	0.333333333333333	2.66666666666667	0.333333333333333	0	0	0	*	*
temp_vcf4_CA04_ferret35_day1.vcf	NA	286	GGA	0	0	0	2	1	2	1	0	0	0	*	*
temp_vcf4_CA04_ferret35_day1.vcf	NA	289	TGG	0	0	0	3	0	3	0	0	0	0	*	*
temp_vcf4_CA04_ferret35_day1.vcf	NA	292	GCT	0	0	0	2	1	2	1	0	0	0	*	*
temp_vcf4_CA04_ferret35_day1.vcf	NA	295	ATA	0	0	0	2.33333333333333	0.666666666666667	2.33333333333333	0.666666666666667	0	0	0	*	*
temp_vcf4_CA04_ferret35_day1.vcf	NA	298	TAC	0	0	0	2	1	2	1	0	0	0	*	*
temp_vcf4_CA04_ferret35_day1.vcf	NA	301	AGT	0	0	0	2.66666666666667	0.333333333333333	2.66666666666667	0.333333333333333	0	0	0	*	*
temp_vcf4_CA04_ferret35_day1.vcf	NA	304	AAA	0	0	0	2.66666666666667	0.333333333333333	2.66666666666667	0.333333333333333	0	0	0	*	*
temp_vcf4_CA04_ferret35_day1.vcf	NA	307	GAC	0	0	0	2.66666666666667	0.333333333333333	2.66666666666667	0.333333333333333	0	0	0	*	*
temp_vcf4_CA04_ferret35_day1.vcf	NA	310	AAC	0	0	0	2.66666666666667	0.333333333333333	2.66666666666667	0.333333333333333	0	0	0	*	*
temp_vcf4_CA04_ferret35_day1.vcf	NA	313	AGT	0	0	0	2.66666666666667	0.333333333333333	2.66666666666667	0.333333333333333	0	0	0	*	*
temp_vcf4_CA04_ferret35_day1.vcf	NA	316	GTA	0	0	0	2	1	2	1	0	0	0	*	*
temp_vcf4_CA04_ferret35_day1.vcf	NA	319	AGA	0	0	0	2.16666666666667	0.833333333333333	2.16666666666667	0.833333333333333	0	0	0	*	*
temp_vcf4_CA04_ferret35_day1.vcf	NA	322	ATC	0	0	0	2.33333333333333	0.666666666666667	2.33333333333333	0.666666666666667	0	0	0	*	*
temp_vcf4_CA04_ferret35_day1.vcf	NA	325	GGT	0	0	0	2	1	2	1	0	0	0	*	*
temp_vcf4_CA04_ferret35_day1.vcf	NA	328	TCC	0	0	0	2	1	2	1	0	0	0	*	*
temp_vcf4_CA04_ferret35_day1.vcf	NA	331	AAG	0	0	0	2.66666666666667	0.333333333333333	2.66666666666667	0.333333333333333	0	0	0	*	*
temp_vcf4_CA04_ferret35_day1.vcf	NA	334	GGG	0	0	0	2	1	2	1	0	0	0	*	*
temp_vcf4_CA04_ferret35_day1.vcf	NA	337	GAT	0	0	0	2.66666666666667	0.333333333333333	2.66666666666667	0.333333333333333	0	0	0	*	*
temp_vcf4_CA04_ferret35_day1.vcf	NA	340	GTG	0	0	0	2	1	2	1	0	0	0	*	*
temp_vcf4_CA04_ferret35_day1.vcf	NA	343	TTT	0	0	0	2.66666666666667	0.333333333333333	2.66666666666667	0.333333333333333	0	0	0	*	*
temp_vcf4_CA04_ferret35_day1.vcf	NA	346	GTC	0	0	0	2	1	2	1	0	0	0	*	*
temp_vcf4_CA04_ferret35_day1.vcf	NA	349	ATA	0	0	0	2.33333333333333	0.666666666666667	2.33333333333333	0.666666666666667	0	0	0	*	*
temp_vcf4_CA04_ferret35_day1.vcf	NA	352	AGG	0	0	0	2.33333333333333	0.666666666666667	2.33333333333333	0.666666666666667	0	0	0	*	*
temp_vcf4_CA04_ferret35_day1.vcf	NA	355	GAA	0	0	0	2.66666666666667	0.333333333333333	2.66666666666667	0.333333333333333	0	0	0	*	*
temp_vcf4_CA04_ferret35_day1.vcf	NA	358	CCA	0	0	0	2	1	2	1	0	0	0	*	*
temp_vcf4_CA04_ferret35_day1.vcf	NA	361	TTC	0	0	0	2.66666666666667	0.333333333333333	2.66666666666667	0.333333333333333	0	0	0	*	*
temp_vcf4_CA04_ferret35_day1.vcf	NA	364	ATA	0	0	0	2.33333333333333	0.666666666666667	2.33333333333333	0.666666666666667	0	0	0	*	*
temp_vcf4_CA04_ferret35_day1.vcf	NA	367	TCA	0	0	0	2	1	2	1	0	0	0	*	*
temp_vcf4_CA04_ferret35_day1.vcf	NA	370	TGC	0	0	0	2.5	0.5	2.5	0.5	0	0	0	*	*
temp_vcf4_CA04_ferret35_day1.vcf	NA	373	TCC	0	0	0	2	1	2	1	0	0	0	*	*
temp_vcf4_CA04_ferret35_day1.vcf	NA	376	CCC	0	0	0	2	1	2	1	0	0	0	*	*
temp_vcf4_CA04_ferret35_day1.vcf	NA	379	TTG	0	0	0	2.33333333333333	0.666666666666667	2.33333333333333	0.666666666666667	0	0	0	*	*
temp_vcf4_CA04_ferret35_day1.vcf	NA	382	GAA	0	0	0	2.66666666666667	0.333333333333333	2.66666666666667	0.333333333333333	0	0	0	*	*
temp_vcf4_CA04_ferret35_day1.vcf	NA	385	TGC	0	0	0	2.5	0.5	2.5	0.5	0	0	0	*	*
temp_vcf4_CA04_ferret35_day1.vcf	NA	388	AGA	0	0	0	2.16666666666667	0.833333333333333	2.16666666666667	0.833333333333333	0	0	0	*	*
temp_vcf4_CA04_ferret35_day1.vcf	NA	391	ACC	0	0	0	2	1	2	1	0	0	0	*	*
temp_vcf4_CA04_ferret35_day1.vcf	NA	394	TTC	0	0	0	2.66666666666667	0.333333333333333	2.66666666666667	0.333333333333333	0	0	0	*	*
temp_vcf4_CA04_ferret35_day1.vcf	NA	397	TTC	0	0	0	2.66666666666667	0.333333333333333	2.66666666666667	0.333333333333333	0	0	0	*	*
temp_vcf4_CA04_ferret35_day1.vcf	NA	400	TTG	0	0	0	2.33333333333333	0.666666666666667	2.33333333333333	0.666666666666667	0	0	0	*	*
temp_vcf4_CA04_ferret35_day1.vcf	NA	403	ACT	0	0	0	2	1	2	1	0	0	0	*	*
temp_vcf4_CA04_ferret35_day1.vcf	NA	406	CAA	0	0	0	2.66666666666667	0.333333333333333	2.66666666666667	0.333333333333333	0	0	0	*	*
temp_vcf4_CA04_ferret35_day1.vcf	NA	409	GGG	0	0	0	2	1	2	1	0	0	0	*	*
temp_vcf4_CA04_ferret35_day1.vcf	NA	412	GCC	0	0	0	2	1	2	1	0	0	0	*	*
temp_vcf4_CA04_ferret35_day1.vcf	NA	415	TTG	0	0	0	2.33333333333333	0.666666666666667	2.33333333333333	0.666666666666667	0	0	0	*	*
temp_vcf4_CA04_ferret35_day1.vcf	NA	418	CTA	0	0	0	1.66666666666667	1.33333333333333	1.66666666666667	1.33333333333333	0	0	0	*	*
temp_vcf4_CA04_ferret35_day1.vcf	NA	421	AAT	0	0	0	2.66666666666667	0.333333333333333	2.66666666666667	0.333333333333333	0	0	0	*	*
temp_vcf4_CA04_ferret35_day1.vcf	NA	424	GAC	0	0	0	2.66666666666667	0.333333333333333	2.66666666666667	0.333333333333333	0	0	0	*	*
temp_vcf4_CA04_ferret35_day1.vcf	NA	427	AAA	0	0	0	2.66666666666667	0.333333333333333	2.66666666666667	0.333333333333333	0	0	0	*	*
temp_vcf4_CA04_ferret35_day1.vcf	NA	430	CAT	0	0	0	2.66666666666667	0.333333333333333	2.66666666666667	0.333333333333333	0	0	0	*	*
temp_vcf4_CA04_ferret35_day1.vcf	NA	433	TCC	0	0	0	2	1	2	1	0	0	0	*	*
temp_vcf4_CA04_ferret35_day1.vcf	NA	436	AAT	0	0	0	2.66666666666667	0.333333333333333	2.66666666666667	0.333333333333333	0	0	0	*	*
temp_vcf4_CA04_ferret35_day1.vcf	NA	439	GGA	0	0	0	2	1	2	1	0	0	0	*	*
temp_vcf4_CA04_ferret35_day1.vcf	NA	442	ACC	0	0	0	2	1	2	1	0	0	0	*	*
temp_vcf4_CA04_ferret35_day1.vcf	NA	445	ATT	0	0	0	2.33333333333333	0.666666666666667	2.33333333333333	0.666666666666667	0	0	0	*	*
temp_vcf4_CA04_ferret35_day1.vcf	NA	448	AAA	0	0	0	2.66666666666667	0.333333333333333	2.66666666666667	0.333333333333333	0	0	0	*	*
temp_vcf4_CA04_ferret35_day1.vcf	NA	451	GAC	0	0	0	2.66666666666667	0.333333333333333	2.66666666666667	0.333333333333333	0	0	0	*	*
temp_vcf4_CA04_ferret35_day1.vcf	NA	454	AGG	0	0	0	2.33333333333333	0.666666666666667	2.33333333333333	0.666666666666667	0	0	0	*	*
temp_vcf4_CA04_ferret35_day1.vcf	NA	457	AGC	0	0	0	2.66666666666667	0.333333333333333	2.66666666666667	0.333333333333333	0	0	0	*	*
temp_vcf4_CA04_ferret35_day1.vcf	NA	460	CCA	0	0	0	2	1	2	1	0	0	0	*	*
temp_vcf4_CA04_ferret35_day1.vcf	NA	463	TAT	0	0	0	2	1	2	1	0	0	0	*	*
temp_vcf4_CA04_ferret35_day1.vcf	NA	466	CGA	0	0	0	1.5	1.5	1.5	1.5	0	0	0	*	*
temp_vcf4_CA04_ferret35_day1.vcf	NA	469	ACC	0	0	0	2	1	2	1	0	0	0	*	*
temp_vcf4_CA04_ferret35_day1.vcf	NA	472	CTA	0	0	0	1.66666666666667	1.33333333333333	1.66666666666667	1.33333333333333	0	0	0	*	*
temp_vcf4_CA04_ferret35_day1.vcf	NA	475	ATG	0	0	0	3	0	3	0	0	0	0	*	*
temp_vcf4_CA04_ferret35_day1.vcf	NA	478	AGC	0	0	0	2.66666666666667	0.333333333333333	2.66666666666667	0.333333333333333	0	0	0	*	*
temp_vcf4_CA04_ferret35_day1.vcf	NA	481	TGT	0	0	0	2.5	0.5	2.5	0.5	0	0	0	*	*
temp_vcf4_CA04_ferret35_day1.vcf	NA	484	CCT	0	0	0	2	1	2	1	0	0	0	*	*
temp_vcf4_CA04_ferret35_day1.vcf	NA	487	ATT	0	0	0	2.33333333333333	0.666666666666667	2.33333333333333	0.666666666666667	0	0	0	*	*
temp_vcf4_CA04_ferret35_day1.vcf	NA	490	GGT	0	0	0	2	1	2	1	0	0	0	*	*
temp_vcf4_CA04_ferret35_day1.vcf	NA	493	GAA	0	0	0	2.66666666666667	0.333333333333333	2.66666666666667	0.333333333333333	0	0	0	*	*
temp_vcf4_CA04_ferret35_day1.vcf	NA	496	GTT	0	0	0	2	1	2	1	0	0	0	*	*
temp_vcf4_CA04_ferret35_day1.vcf	NA	499	CCC	0	0	0	2	1	2	1	0	0	0	*	*
temp_vcf4_CA04_ferret35_day1.vcf	NA	502	TCT	0	0	0	2	1	2	1	0	0	0	*	*
temp_vcf4_CA04_ferret35_day1.vcf	NA	505	CCA	0	0	0	2	1	2	1	0	0	0	*	*
temp_vcf4_CA04_ferret35_day1.vcf	NA	508	TAC	0	0	0	2	1	2	1	0	0	0	*	*
temp_vcf4_CA04_ferret35_day1.vcf	NA	511	AAC	0	0	0	2.66666666666667	0.333333333333333	2.66666666666667	0.333333333333333	0	0	0	*	*
temp_vcf4_CA04_ferret35_day1.vcf	NA	514	TCA	0	0	0	2	1	2	1	0	0	0	*	*
temp_vcf4_CA04_ferret35_day1.vcf	NA	517	AGA	0	0	0	2.16666666666667	0.833333333333333	2.16666666666667	0.833333333333333	0	0	0	*	*
temp_vcf4_CA04_ferret35_day1.vcf	NA	520	TTT	0	0	0	2.66666666666667	0.333333333333333	2.66666666666667	0.333333333333333	0	0	0	*	*
temp_vcf4_CA04_ferret35_day1.vcf	NA	523	GAG	0	0	0	2.66666666666667	0.333333333333333	2.66666666666667	0.333333333333333	0	0	0	*	*
temp_vcf4_CA04_ferret35_day1.vcf	NA	526	TCA	0	0	0	2	1	2	1	0	0	0	*	*
temp_vcf4_CA04_ferret35_day1.vcf	NA	529	GTC	0	0	0	2	1	2	1	0	0	0	*	*
temp_vcf4_CA04_ferret35_day1.vcf	NA	532	GCT	0	0	0	2	1	2	1	0	0	0	*	*
temp_vcf4_CA04_ferret35_day1.vcf	NA	535	TGG	0	0	0	3	0	3	0	0	0	0	*	*
temp_vcf4_CA04_ferret35_day1.vcf	NA	538	TCA	0	0	0	2	1	2	1	0	0	0	*	*
temp_vcf4_CA04_ferret35_day1.vcf	NA	541	GCA	0	0	0	2	1	2	1	0	0	0	*	*
temp_vcf4_CA04_ferret35_day1.vcf	NA	544	AGT	0	0	0	2.66666666666667	0.333333333333333	2.66666666666667	0.333333333333333	0	0	0	*	*
temp_vcf4_CA04_ferret35_day1.vcf	NA	547	GCT	0	0	0	2	1	2	1	0	0	0	*	*
temp_vcf4_CA04_ferret35_day1.vcf	NA	550	TGT	0	0	0	2.5	0.5	2.5	0.5	0	0	0	*	*
temp_vcf4_CA04_ferret35_day1.vcf	NA	553	CAT	0	0	0	2.66666666666667	0.333333333333333	2.66666666666667	0.333333333333333	0	0	0	*	*
temp_vcf4_CA04_ferret35_day1.vcf	NA	556	GAT	0	0	0	2.66666666666667	0.333333333333333	2.66666666666667	0.333333333333333	0	0	0	*	*
temp_vcf4_CA04_ferret35_day1.vcf	NA	559	GGC	0	0	0	2	1	2	1	0	0	0	*	*
temp_vcf4_CA04_ferret35_day1.vcf	NA	562	ATC	0	0	0	2.33333333333333	0.666666666666667	2.33333333333333	0.666666666666667	0	0	0	*	*
temp_vcf4_CA04_ferret35_day1.vcf	NA	565	AAT	0	0	0	2.66666666666667	0.333333333333333	2.66666666666667	0.333333333333333	0	0	0	*	*
temp_vcf4_CA04_ferret35_day1.vcf	NA	568	TGG	0	0	0	3	0	3	0	0	0	0	*	*
temp_vcf4_CA04_ferret35_day1.vcf	NA	571	CTA	0	0	0	1.66666666666667	1.33333333333333	1.66666666666667	1.33333333333333	0	0	0	*	*
temp_vcf4_CA04_ferret35_day1.vcf	NA	574	ACA	0	0	0	2	1	2	1	0	0	0	*	*
temp_vcf4_CA04_ferret35_day1.vcf	NA	577	ATT	0	0	0	2.33333333333333	0.666666666666667	2.33333333333333	0.666666666666667	0	0	0	*	*
temp_vcf4_CA04_ferret35_day1.vcf	NA	580	GGA	0	0	0	2	1	2	1	0	0	0	*	*
temp_vcf4_CA04_ferret35_day1.vcf	NA	583	ATT	0	0	0	2.33333333333333	0.666666666666667	2.33333333333333	0.666666666666667	0	0	0	*	*
temp_vcf4_CA04_ferret35_day1.vcf	NA	586	TCT	0	0	0	2	1	2	1	0	0	0	*	*
temp_vcf4_CA04_ferret35_day1.vcf	NA	589	GGC	0	0	0	2	1	2	1	0	0	0	*	*
temp_vcf4_CA04_ferret35_day1.vcf	NA	592	CCA	0	0	0	2	1	2	1	0	0	0	*	*
temp_vcf4_CA04_ferret35_day1.vcf	NA	595	GAC	0	0	0	2.66666666666667	0.333333333333333	2.66666666666667	0.333333333333333	0	0	0	*	*
temp_vcf4_CA04_ferret35_day1.vcf	NA	598	AAT	0	0	0	2.66666666666667	0.333333333333333	2.66666666666667	0.333333333333333	0	0	0	*	*
temp_vcf4_CA04_ferret35_day1.vcf	NA	601	GGG	0	0	0	2	1	2	1	0	0	0	*	*
temp_vcf4_CA04_ferret35_day1.vcf	NA	604	GCA	0	0	0	2	1	2	1	0	0	0	*	*
temp_vcf4_CA04_ferret35_day1.vcf	NA	607	GTG	0	0	0	2	1	2	1	0	0	0	*	*
temp_vcf4_CA04_ferret35_day1.vcf	NA	610	GCT	0	0	0	2	1	2	1	0	0	0	*	*
temp_vcf4_CA04_ferret35_day1.vcf	NA	613	GTG	0	0	0	2	1	2	1	0	0	0	*	*
temp_vcf4_CA04_ferret35_day1.vcf	NA	616	TTA	0	0	0	2.33333333333333	0.666666666666667	2.33333333333333	0.666666666666667	0	0	0	*	*
temp_vcf4_CA04_ferret35_day1.vcf	NA	619	AAG	0	0	0	2.66666666666667	0.333333333333333	2.66666666666667	0.333333333333333	0	0	0	*	*
temp_vcf4_CA04_ferret35_day1.vcf	NA	622	TAC	0	0	0	2	1	2	1	0	0	0	*	*
temp_vcf4_CA04_ferret35_day1.vcf	NA	625	AAC	0	0	0	2.66666666666667	0.333333333333333	2.66666666666667	0.333333333333333	0	0	0	*	*
temp_vcf4_CA04_ferret35_day1.vcf	NA	628	GGC	0	0	0	2	1	2	1	0	0	0	*	*
temp_vcf4_CA04_ferret35_day1.vcf	NA	631	ATA	0	0	0	2.33333333333333	0.666666666666667	2.33333333333333	0.666666666666667	0	0	0	*	*
temp_vcf4_CA04_ferret35_day1.vcf	NA	634	ATA	0	0	0	2.33333333333333	0.666666666666667	2.33333333333333	0.666666666666667	0	0	0	*	*
temp_vcf4_CA04_ferret35_day1.vcf	NA	637	ACA	0	0	0	2	1	2	1	0	0	0	*	*
temp_vcf4_CA04_ferret35_day1.vcf	NA	640	GAC	0	0	0	2.66666666666667	0.333333333333333	2.66666666666667	0.333333333333333	0	0	0	*	*
temp_vcf4_CA04_ferret35_day1.vcf	NA	643	ACT	0	0	0	2	1	2	1	0	0	0	*	*
temp_vcf4_CA04_ferret35_day1.vcf	NA	646	ATC	0	0	0	2.33333333333333	0.666666666666667	2.33333333333333	0.666666666666667	0	0	0	*	*
temp_vcf4_CA04_ferret35_day1.vcf	NA	649	AAG	0	0	0	2.66666666666667	0.333333333333333	2.66666666666667	0.333333333333333	0	0	0	*	*
temp_vcf4_CA04_ferret35_day1.vcf	NA	652	AGT	0	0	0	2.66666666666667	0.333333333333333	2.66666666666667	0.333333333333333	0	0	0	*	*
temp_vcf4_CA04_ferret35_day1.vcf	NA	655	TGG	0	0	0	3	0	3	0	0	0	0	*	*
temp_vcf4_CA04_ferret35_day1.vcf	NA	658	AGA	0	0	0	2.16666666666667	0.833333333333333	2.16666666666667	0.833333333333333	0	0	0	*	*
temp_vcf4_CA04_ferret35_day1.vcf	NA	661	AAC	0	0	0	2.66666666666667	0.333333333333333	2.66666666666667	0.333333333333333	0	0	0	*	*
temp_vcf4_CA04_ferret35_day1.vcf	NA	664	AAT	0	0	0	2.66666666666667	0.333333333333333	2.66666666666667	0.333333333333333	0	0	0	*	*
temp_vcf4_CA04_ferret35_day1.vcf	NA	667	ATA	0	0	0	2.33333333333333	0.666666666666667	2.33333333333333	0.666666666666667	0	0	0	*	*
temp_vcf4_CA04_ferret35_day1.vcf	NA	670	TTG	0	0	0	2.33333333333333	0.666666666666667	2.33333333333333	0.666666666666667	0	0	0	*	*
temp_vcf4_CA04_ferret35_day1.vcf	NA	673	AGA	0	0	0	2.16666666666667	0.833333333333333	2.16666666666667	0.833333333333333	0	0	0	*	*
temp_vcf4_CA04_ferret35_day1.vcf	NA	676	ACA	0	0	0	2	1	2	1	0	0	0	*	*
temp_vcf4_CA04_ferret35_day1.vcf	NA	679	CAA	0	0	0	2.66666666666667	0.333333333333333	2.66666666666667	0.333333333333333	0	0	0	*	*
temp_vcf4_CA04_ferret35_day1.vcf	NA	682	GAG	0	0	0	2.66666666666667	0.333333333333333	2.66666666666667	0.333333333333333	0	0	0	*	*
temp_vcf4_CA04_ferret35_day1.vcf	NA	685	TCT	0	0	0	2	1	2	1	0	0	0	*	*
temp_vcf4_CA04_ferret35_day1.vcf	NA	688	GAA	0	0	0	2.66666666666667	0.333333333333333	2.66666666666667	0.333333333333333	0	0	0	*	*
temp_vcf4_CA04_ferret35_day1.vcf	NA	691	TGT	0	0	0	2.5	0.5	2.5	0.5	0	0	0	*	*
temp_vcf4_CA04_ferret35_day1.vcf	NA	694	GCA	0	0	0	2	1	2	1	0	0	0	*	*
temp_vcf4_CA04_ferret35_day1.vcf	NA	697	TGT	0	0	0	2.5	0.5	2.5	0.5	0	0	0	*	*
temp_vcf4_CA04_ferret35_day1.vcf	NA	700	GTA	0	0	0	2	1	2	1	0	0	0	*	*
temp_vcf4_CA04_ferret35_day1.vcf	NA	703	AAT	0	0	0	2.66666666666667	0.333333333333333	2.66666666666667	0.333333333333333	0	0	0	*	*
temp_vcf4_CA04_ferret35_day1.vcf	NA	706	GGT	0	0	0	2	1	2	1	0	0	0	*	*
temp_vcf4_CA04_ferret35_day1.vcf	NA	709	TCT	0	0	0	2	1	2	1	0	0	0	*	*
temp_vcf4_CA04_ferret35_day1.vcf	NA	712	TGC	0	0	0	2.5	0.5	2.5	0.5	0	0	0	*	*
temp_vcf4_CA04_ferret35_day1.vcf	NA	715	TTT	0	0	0	2.66666666666667	0.333333333333333	2.66666666666667	0.333333333333333	0	0	0	*	*
temp_vcf4_CA04_ferret35_day1.vcf	NA	718	ACT	0	0	0	2	1	2	1	0	0	0	*	*
temp_vcf4_CA04_ferret35_day1.vcf	NA	721	GTA	0	0	0	2	1	2	1	0	0	0	*	*
temp_vcf4_CA04_ferret35_day1.vcf	NA	724	ATG	0	0	0	3	0	3	0	0	0	0	*	*
temp_vcf4_CA04_ferret35_day1.vcf	NA	727	ACC	0	0	0	2	1	2	1	0	0	0	*	*
temp_vcf4_CA04_ferret35_day1.vcf	NA	730	GAT	0	0	0	2.66666666666667	0.333333333333333	2.66666666666667	0.333333333333333	0	0	0	*	*
temp_vcf4_CA04_ferret35_day1.vcf	NA	733	GGA	0	0	0	2	1	2	1	0	0	0	*	*
temp_vcf4_CA04_ferret35_day1.vcf	NA	736	CCA	0	0	0	2	1	2	1	0	0	0	*	*
temp_vcf4_CA04_ferret35_day1.vcf	NA	739	AGT	0	0	0	2.66666666666667	0.333333333333333	2.66666666666667	0.333333333333333	0	0	0	*	*
temp_vcf4_CA04_ferret35_day1.vcf	NA	742	AAT	0	0	0	2.66666666666667	0.333333333333333	2.66666666666667	0.333333333333333	0	0	0	*	*
temp_vcf4_CA04_ferret35_day1.vcf	NA	745	GGA	0	0	0	2	1	2	1	0	0	0	*	*
temp_vcf4_CA04_ferret35_day1.vcf	NA	748	CAG	0	0	0	2.66666666666667	0.333333333333333	2.66666666666667	0.333333333333333	0	0	0	*	*
temp_vcf4_CA04_ferret35_day1.vcf	NA	751	GCC	0	0	0	2	1	2	1	0	0	0	*	*
temp_vcf4_CA04_ferret35_day1.vcf	NA	754	TCA	0	0	0	2	1	2	1	0	0	0	*	*
temp_vcf4_CA04_ferret35_day1.vcf	NA	757	TAC	0	0	0	2	1	2	1	0	0	0	*	*
temp_vcf4_CA04_ferret35_day1.vcf	NA	760	AAG	0	0	0	2.66666666666667	0.333333333333333	2.66666666666667	0.333333333333333	0	0	0	*	*
temp_vcf4_CA04_ferret35_day1.vcf	NA	763	ATC	0	0	0	2.33333333333333	0.666666666666667	2.33333333333333	0.666666666666667	0	0	0	*	*
temp_vcf4_CA04_ferret35_day1.vcf	NA	766	TTC	0	0	0	2.66666666666667	0.333333333333333	2.66666666666667	0.333333333333333	0	0	0	*	*
temp_vcf4_CA04_ferret35_day1.vcf	NA	769	AGA	0	0	0	2.16666666666667	0.833333333333333	2.16666666666667	0.833333333333333	0	0	0	*	*
temp_vcf4_CA04_ferret35_day1.vcf	NA	772	ATA	0	0	0	2.33333333333333	0.666666666666667	2.33333333333333	0.666666666666667	0	0	0	*	*
temp_vcf4_CA04_ferret35_day1.vcf	NA	775	GAA	0	0	0	2.66666666666667	0.333333333333333	2.66666666666667	0.333333333333333	0	0	0	*	*
temp_vcf4_CA04_ferret35_day1.vcf	NA	778	AAG	0	0	0	2.66666666666667	0.333333333333333	2.66666666666667	0.333333333333333	0	0	0	*	*
temp_vcf4_CA04_ferret35_day1.vcf	NA	781	GGA	0	0	0	2	1	2	1	0	0	0	*	*
temp_vcf4_CA04_ferret35_day1.vcf	NA	784	AAG	0	0	0	2.66666666666667	0.333333333333333	2.66666666666667	0.333333333333333	0	0	0	*	*
temp_vcf4_CA04_ferret35_day1.vcf	NA	787	ATA	0	0	0	2.33333333333333	0.666666666666667	2.33333333333333	0.666666666666667	0	0	0	*	*
temp_vcf4_CA04_ferret35_day1.vcf	NA	790	GTC	0	0	0	2	1	2	1	0	0	0	*	*
temp_vcf4_CA04_ferret35_day1.vcf	NA	793	AAA	0	0	0	2.66666666666667	0.333333333333333	2.66666666666667	0.333333333333333	0	0	0	*	*
temp_vcf4_CA04_ferret35_day1.vcf	NA	796	TCA	0	0	0	2	1	2	1	0	0	0	*	*
temp_vcf4_CA04_ferret35_day1.vcf	NA	799	GTC	0	0	0	2	1	2	1	0	0	0	*	*
temp_vcf4_CA04_ferret35_day1.vcf	NA	802	GAA	0	0	0	2.66666666666667	0.333333333333333	2.66666666666667	0.333333333333333	0	0	0	*	*
temp_vcf4_CA04_ferret35_day1.vcf	NA	805	ATG	0	0	0	3	0	3	0	0	0	0	*	*
temp_vcf4_CA04_ferret35_day1.vcf	NA	808	AAT	0	0	0	2.66666666666667	0.333333333333333	2.66666666666667	0.333333333333333	0	0	0	*	*
temp_vcf4_CA04_ferret35_day1.vcf	NA	811	GCC	0	0	0	2	1	2	1	0	0	0	*	*
temp_vcf4_CA04_ferret35_day1.vcf	NA	814	CCT	0	0	0	2	1	2	1	0	0	0	*	*
temp_vcf4_CA04_ferret35_day1.vcf	NA	817	AAT	0	0	0	2.66666666666667	0.333333333333333	2.66666666666667	0.333333333333333	0	0	0	*	*
temp_vcf4_CA04_ferret35_day1.vcf	NA	820	TAT	0	0	0	2	1	2	1	0	0	0	*	*
temp_vcf4_CA04_ferret35_day1.vcf	NA	823	CAC	0	0	0	2.66666666666667	0.333333333333333	2.66666666666667	0.333333333333333	0	0	0	*	*
temp_vcf4_CA04_ferret35_day1.vcf	NA	826	TAT	0	0	0	2	1	2	1	0	0	0	*	*
temp_vcf4_CA04_ferret35_day1.vcf	NA	829	GAG	0	0	0	2.66666666666667	0.333333333333333	2.66666666666667	0.333333333333333	0	0	0	*	*
temp_vcf4_CA04_ferret35_day1.vcf	NA	832	GAA	0	0	0	2.66666666666667	0.333333333333333	2.66666666666667	0.333333333333333	0	0	0	*	*
temp_vcf4_CA04_ferret35_day1.vcf	NA	835	TGC	0	0	0	2.5	0.5	2.5	0.5	0	0	0	*	*
temp_vcf4_CA04_ferret35_day1.vcf	NA	838	TCC	0	0	0	2	1	2	1	0	0	0	*	*
temp_vcf4_CA04_ferret35_day1.vcf	NA	841	TGT	0	0	0	2.5	0.5	2.5	0.5	0	0	0	*	*
temp_vcf4_CA04_ferret35_day1.vcf	NA	844	TAT	0	0	0	2	1	2	1	0	0	0	*	*
temp_vcf4_CA04_ferret35_day1.vcf	NA	847	CCT	0	0	0	2	1	2	1	0	0	0	*	*
temp_vcf4_CA04_ferret35_day1.vcf	NA	850	GAT	0	0	0	2.66666666666667	0.333333333333333	2.66666666666667	0.333333333333333	0	0	0	*	*
temp_vcf4_CA04_ferret35_day1.vcf	NA	853	TCT	0	0	0	2	1	2	1	0	0	0	*	*
temp_vcf4_CA04_ferret35_day1.vcf	NA	856	AGT	0	0	0	2.66666666666667	0.333333333333333	2.66666666666667	0.333333333333333	0	0	0	*	*
temp_vcf4_CA04_ferret35_day1.vcf	NA	859	GAA	0	0	0	2.66666666666667	0.333333333333333	2.66666666666667	0.333333333333333	0	0	0	*	*
temp_vcf4_CA04_ferret35_day1.vcf	NA	862	ATC	0	0	0	2.33333333333333	0.666666666666667	2.33333333333333	0.666666666666667	0	0	0	*	*
temp_vcf4_CA04_ferret35_day1.vcf	NA	865	ACA	0	0	0	2	1	2	1	0	0	0	*	*
temp_vcf4_CA04_ferret35_day1.vcf	NA	868	TGT	0	0	0	2.5	0.5	2.5	0.5	0	0	0	*	*
temp_vcf4_CA04_ferret35_day1.vcf	NA	871	GTG	0	0	0	2	1	2	1	0	0	0	*	*
temp_vcf4_CA04_ferret35_day1.vcf	NA	874	TGC	0	0	0	2.5	0.5	2.5	0.5	0	0	0	*	*
temp_vcf4_CA04_ferret35_day1.vcf	NA	877	AGG	0	0	0	2.33333333333333	0.666666666666667	2.33333333333333	0.666666666666667	0	0	0	*	*
temp_vcf4_CA04_ferret35_day1.vcf	NA	880	GAT	0	0	0	2.66666666666667	0.333333333333333	2.66666666666667	0.333333333333333	0	0	0	*	*
temp_vcf4_CA04_ferret35_day1.vcf	NA	883	AAC	0	0	0	2.66666666666667	0.333333333333333	2.66666666666667	0.333333333333333	0	0	0	*	*
temp_vcf4_CA04_ferret35_day1.vcf	NA	886	TGG	0	0	0	3	0	3	0	0	0	0	*	*
temp_vcf4_CA04_ferret35_day1.vcf	NA	889	CAT	0	0	0	2.66666666666667	0.333333333333333	2.66666666666667	0.333333333333333	0	0	0	*	*
temp_vcf4_CA04_ferret35_day1.vcf	NA	892	GGC	0	0	0	2	1	2	1	0	0	0	*	*
temp_vcf4_CA04_ferret35_day1.vcf	NA	895	TCG	0	0	0	2	1	2	1	0	0	0	*	*
temp_vcf4_CA04_ferret35_day1.vcf	NA	898	AAT	0	0	0	2.66666666666667	0.333333333333333	2.66666666666667	0.333333333333333	0	0	0	*	*
temp_vcf4_CA04_ferret35_day1.vcf	NA	901	CGA	0	0	0	1.5	1.5	1.5	1.5	0	0	0	*	*
temp_vcf4_CA04_ferret35_day1.vcf	NA	904	CCG	0	0	0	2	1	2	1	0	0	0	*	*
temp_vcf4_CA04_ferret35_day1.vcf	NA	907	TGG	0	0	0	3	0	3	0	0	0	0	*	*
temp_vcf4_CA04_ferret35_day1.vcf	NA	910	GTG	0	0	0	2	1	2	1	0	0	0	*	*
temp_vcf4_CA04_ferret35_day1.vcf	NA	913	TCT	0	0	0	2	1	2	1	0	0	0	*	*
temp_vcf4_CA04_ferret35_day1.vcf	NA	916	TTC	0	0	0	2.66666666666667	0.333333333333333	2.66666666666667	0.333333333333333	0	0	0	*	*
temp_vcf4_CA04_ferret35_day1.vcf	NA	919	AAC	0	0	0	2.66666666666667	0.333333333333333	2.66666666666667	0.333333333333333	0	0	0	*	*
temp_vcf4_CA04_ferret35_day1.vcf	NA	922	CAG	0	0	0	2.66666666666667	0.333333333333333	2.66666666666667	0.333333333333333	0	0	0	*	*
temp_vcf4_CA04_ferret35_day1.vcf	NA	925	AAT	0	0	0	2.66666666666667	0.333333333333333	2.66666666666667	0.333333333333333	0	0	0	*	*
temp_vcf4_CA04_ferret35_day1.vcf	NA	928	CTG	0	0	0	1.66666666666667	1.33333333333333	1.66666666666667	1.33333333333333	0	0	0	*	*
temp_vcf4_CA04_ferret35_day1.vcf	NA	931	GAA	0	0	0	2.66666666666667	0.333333333333333	2.66666666666667	0.333333333333333	0	0	0	*	*
temp_vcf4_CA04_ferret35_day1.vcf	NA	934	TAT	0	0	0	2	1	2	1	0	0	0	*	*
temp_vcf4_CA04_ferret35_day1.vcf	NA	937	CAG	0	0	0	2.66666666666667	0.333333333333333	2.66666666666667	0.333333333333333	0	0	0	*	*
temp_vcf4_CA04_ferret35_day1.vcf	NA	940	ATA	0	0	0	2.33333333333333	0.666666666666667	2.33333333333333	0.666666666666667	0	0	0	*	*
temp_vcf4_CA04_ferret35_day1.vcf	NA	943	GGA	0	0	0	2	1	2	1	0	0	0	*	*
temp_vcf4_CA04_ferret35_day1.vcf	NA	946	TAC	0	0	0	2	1	2	1	0	0	0	*	*
temp_vcf4_CA04_ferret35_day1.vcf	NA	949	ATA	0	0	0	2.33333333333333	0.666666666666667	2.33333333333333	0.666666666666667	0	0	0	*	*
temp_vcf4_CA04_ferret35_day1.vcf	NA	952	TGC	0	0	0	2.5	0.5	2.5	0.5	0	0	0	*	*
temp_vcf4_CA04_ferret35_day1.vcf	NA	955	AGT	0	0	0	2.66666666666667	0.333333333333333	2.66666666666667	0.333333333333333	0	0	0	*	*
temp_vcf4_CA04_ferret35_day1.vcf	NA	958	GGG	0	0	0	2	1	2	1	0	0	0	*	*
temp_vcf4_CA04_ferret35_day1.vcf	NA	961	ATT	0	0	0	2.33333333333333	0.666666666666667	2.33333333333333	0.666666666666667	0	0	0	*	*
temp_vcf4_CA04_ferret35_day1.vcf	NA	964	TTC	0	0	0	2.66666666666667	0.333333333333333	2.66666666666667	0.333333333333333	0	0	0	*	*
temp_vcf4_CA04_ferret35_day1.vcf	NA	967	GGA	0	0	0	2	1	2	1	0	0	0	*	*
temp_vcf4_CA04_ferret35_day1.vcf	NA	970	GAC	0	0	0	2.66666666666667	0.333333333333333	2.66666666666667	0.333333333333333	0	0	0	*	*
temp_vcf4_CA04_ferret35_day1.vcf	NA	973	AAT	0	0	0	2.66666666666667	0.333333333333333	2.66666666666667	0.333333333333333	0	0	0	*	*
temp_vcf4_CA04_ferret35_day1.vcf	NA	976	CCA	0	0	0	2	1	2	1	0	0	0	*	*
temp_vcf4_CA04_ferret35_day1.vcf	NA	979	CGC	0	0	0	2	1	2	1	0	0	0	*	*
temp_vcf4_CA04_ferret35_day1.vcf	NA	982	CCT	0	0	0	2	1	2	1	0	0	0	*	*
temp_vcf4_CA04_ferret35_day1.vcf	NA	985	AAT	0	0	0	2.66666666666667	0.333333333333333	2.66666666666667	0.333333333333333	0	0	0	*	*
temp_vcf4_CA04_ferret35_day1.vcf	NA	988	GAT	0	0	0	2.66666666666667	0.333333333333333	2.66666666666667	0.333333333333333	0	0	0	*	*
temp_vcf4_CA04_ferret35_day1.vcf	NA	991	AAG	0	0	0	2.66666666666667	0.333333333333333	2.66666666666667	0.333333333333333	0	0	0	*	*
temp_vcf4_CA04_ferret35_day1.vcf	NA	994	ACA	0	0	0	2	1	2	1	0	0	0	*	*
temp_vcf4_CA04_ferret35_day1.vcf	NA	997	GGC	0	0	0	2	1	2	1	0	0	0	*	*
temp_vcf4_CA04_ferret35_day1.vcf	NA	1000	AGT	0	0	0	2.66666666666667	0.333333333333333	2.66666666666667	0.333333333333333	0	0	0	*	*
temp_vcf4_CA04_ferret35_day1.vcf	NA	1003	TGT	0	0	0	2.5	0.5	2.5	0.5	0	0	0	*	*
temp_vcf4_CA04_ferret35_day1.vcf	NA	1006	GGT	0	0	0	2	1	2	1	0	0	0	*	*
temp_vcf4_CA04_ferret35_day1.vcf	NA	1009	CCA	0	0	0	2	1	2	1	0	0	0	*	*
temp_vcf4_CA04_ferret35_day1.vcf	NA	1012	GTA	0	0	0	2	1	2	1	0	0	0	*	*
temp_vcf4_CA04_ferret35_day1.vcf	NA	1015	TCG	0	0	0	2	1	2	1	0	0	0	*	*
temp_vcf4_CA04_ferret35_day1.vcf	NA	1018	TCT	0	0	0	2	1	2	1	0	0	0	*	*
temp_vcf4_CA04_ferret35_day1.vcf	NA	1021	AAT	0	0	0	2.66666666666667	0.333333333333333	2.66666666666667	0.333333333333333	0	0	0	*	*
temp_vcf4_CA04_ferret35_day1.vcf	NA	1024	GGA	0	0	0	2	1	2	1	0	0	0	*	*
temp_vcf4_CA04_ferret35_day1.vcf	NA	1027	GCA	0	0	0	2	1	2	1	0	0	0	*	*
temp_vcf4_CA04_ferret35_day1.vcf	NA	1030	AAT	0	0	0	2.66666666666667	0.333333333333333	2.66666666666667	0.333333333333333	0	0	0	*	*
temp_vcf4_CA04_ferret35_day1.vcf	NA	1033	GGA	0	0	0	2	1	2	1	0	0	0	*	*
temp_vcf4_CA04_ferret35_day1.vcf	NA	1036	GTA	0	0	0	2	1	2	1	0	0	0	*	*
temp_vcf4_CA04_ferret35_day1.vcf	NA	1039	AAA	0	0	0	2.66666666666667	0.333333333333333	2.66666666666667	0.333333333333333	0	0	0	*	*
temp_vcf4_CA04_ferret35_day1.vcf	NA	1042	GGG	0	0	0	2	1	2	1	0	0	0	*	*
temp_vcf4_CA04_ferret35_day1.vcf	NA	1045	TTT	0	0	0	2.66666666666667	0.333333333333333	2.66666666666667	0.333333333333333	0	0	0	*	*
temp_vcf4_CA04_ferret35_day1.vcf	NA	1048	TCA	0	0	0	2	1	2	1	0	0	0	*	*
temp_vcf4_CA04_ferret35_day1.vcf	NA	1051	TTC	0	0	0	2.66666666666667	0.333333333333333	2.66666666666667	0.333333333333333	0	0	0	*	*
temp_vcf4_CA04_ferret35_day1.vcf	NA	1054	AAA	0	0	0	2.66666666666667	0.333333333333333	2.66666666666667	0.333333333333333	0	0	0	*	*
temp_vcf4_CA04_ferret35_day1.vcf	NA	1057	TAC	0	0	0	2	1	2	1	0	0	0	*	*
temp_vcf4_CA04_ferret35_day1.vcf	NA	1060	GGC	0	0	0	2	1	2	1	0	0	0	*	*
temp_vcf4_CA04_ferret35_day1.vcf	NA	1063	AAT	0	0	0	2.66666666666667	0.333333333333333	2.66666666666667	0.333333333333333	0	0	0	*	*
temp_vcf4_CA04_ferret35_day1.vcf	NA	1066	GGT	0	0	0	2	1	2	1	0	0	0	*	*
temp_vcf4_CA04_ferret35_day1.vcf	NA	1069	GTT	0	0	0	2	1	2	1	0	0	0	*	*
temp_vcf4_CA04_ferret35_day1.vcf	NA	1072	TGG	0	0	0	3	0	3	0	0	0	0	*	*
temp_vcf4_CA04_ferret35_day1.vcf	NA	1075	ATA	0	0	0	2.33333333333333	0.666666666666667	2.33333333333333	0.666666666666667	0	0	0	*	*
temp_vcf4_CA04_ferret35_day1.vcf	NA	1078	GGG	0	0	0	2	1	2	1	0	0	0	*	*
temp_vcf4_CA04_ferret35_day1.vcf	NA	1081	AGA	0	0	0	2.16666666666667	0.833333333333333	2.16666666666667	0.833333333333333	0	0	0	*	*
temp_vcf4_CA04_ferret35_day1.vcf	NA	1084	ACT	0	0	0	2	1	2	1	0	0	0	*	*
temp_vcf4_CA04_ferret35_day1.vcf	NA	1087	AAA	0	0	0	2.66666666666667	0.333333333333333	2.66666666666667	0.333333333333333	0	0	0	*	*
temp_vcf4_CA04_ferret35_day1.vcf	NA	1090	AGC	0	0	0	2.66666666666667	0.333333333333333	2.66666666666667	0.333333333333333	0	0	0	*	*
temp_vcf4_CA04_ferret35_day1.vcf	NA	1093	ATT	0	0	0	2.33333333333333	0.666666666666667	2.33333333333333	0.666666666666667	0	0	0	*	*
temp_vcf4_CA04_ferret35_day1.vcf	NA	1096	AGT	0	0	0	2.66666666666667	0.333333333333333	2.66666666666667	0.333333333333333	0	0	0	*	*
temp_vcf4_CA04_ferret35_day1.vcf	NA	1099	TCA	0	0	0	2	1	2	1	0	0	0	*	*
temp_vcf4_CA04_ferret35_day1.vcf	NA	1102	AGA	0	0	0	2.16666666666667	0.833333333333333	2.16666666666667	0.833333333333333	0	0	0	*	*
temp_vcf4_CA04_ferret35_day1.vcf	NA	1105	AAC	0	0	0	2.66666666666667	0.333333333333333	2.66666666666667	0.333333333333333	0	0	0	*	*
temp_vcf4_CA04_ferret35_day1.vcf	NA	1108	GGT	0	0	0	2	1	2	1	0	0	0	*	*
temp_vcf4_CA04_ferret35_day1.vcf	NA	1111	TTT	0	0	0	2.66666666666667	0.333333333333333	2.66666666666667	0.333333333333333	0	0	0	*	*
temp_vcf4_CA04_ferret35_day1.vcf	NA	1114	GAG	0	0	0	2.66666666666667	0.333333333333333	2.66666666666667	0.333333333333333	0	0	0	*	*
temp_vcf4_CA04_ferret35_day1.vcf	NA	1117	ATG	0	0	0	3	0	3	0	0	0	0	*	*
temp_vcf4_CA04_ferret35_day1.vcf	NA	1120	ATT	0	0	0	2.33333333333333	0.666666666666667	2.33333333333333	0.666666666666667	0	0	0	*	*
temp_vcf4_CA04_ferret35_day1.vcf	NA	1123	TGG	0	0	0	3	0	3	0	0	0	0	*	*
temp_vcf4_CA04_ferret35_day1.vcf	NA	1126	GAT	0	0	0	2.66666666666667	0.333333333333333	2.66666666666667	0.333333333333333	0	0	0	*	*
temp_vcf4_CA04_ferret35_day1.vcf	NA	1129	CCG	0	0	0	2	1	2	1	0	0	0	*	*
temp_vcf4_CA04_ferret35_day1.vcf	NA	1132	AAC	0	0	0	2.66666666666667	0.333333333333333	2.66666666666667	0.333333333333333	0	0	0	*	*
temp_vcf4_CA04_ferret35_day1.vcf	NA	1135	GGA	0	0	0	2	1	2	1	0	0	0	*	*
temp_vcf4_CA04_ferret35_day1.vcf	NA	1138	TGG	0	0	0	3	0	3	0	0	0	0	*	*
temp_vcf4_CA04_ferret35_day1.vcf	NA	1141	ACT	0	0	0	2	1	2	1	0	0	0	*	*
temp_vcf4_CA04_ferret35_day1.vcf	NA	1144	GGG	0	0	0	2	1	2	1	0	0	0	*	*
temp_vcf4_CA04_ferret35_day1.vcf	NA	1147	ACA	0	0	0	2	1	2	1	0	0	0	*	*
temp_vcf4_CA04_ferret35_day1.vcf	NA	1150	GAC	0	0	0	2.66666666666667	0.333333333333333	2.66666666666667	0.333333333333333	0	0	0	*	*
temp_vcf4_CA04_ferret35_day1.vcf	NA	1153	AAT	0	0	0	2.66666666666667	0.333333333333333	2.66666666666667	0.333333333333333	0	0	0	*	*
temp_vcf4_CA04_ferret35_day1.vcf	NA	1156	AAC	0	0	0	2.66666666666667	0.333333333333333	2.66666666666667	0.333333333333333	0	0	0	*	*
temp_vcf4_CA04_ferret35_day1.vcf	NA	1159	TTC	0	0	0	2.66666666666667	0.333333333333333	2.66666666666667	0.333333333333333	0	0	0	*	*
temp_vcf4_CA04_ferret35_day1.vcf	NA	1162	TCA	0	0	0	2	1	2	1	0	0	0	*	*
temp_vcf4_CA04_ferret35_day1.vcf	NA	1165	ATA	0	0	0	2.33333333333333	0.666666666666667	2.33333333333333	0.666666666666667	0	0	0	*	*
temp_vcf4_CA04_ferret35_day1.vcf	NA	1168	AAG	0	0	0	2.66666666666667	0.333333333333333	2.66666666666667	0.333333333333333	0	0	0	*	*
temp_vcf4_CA04_ferret35_day1.vcf	NA	1171	CAA	0	0	0	2.66666666666667	0.333333333333333	2.66666666666667	0.333333333333333	0	0	0	*	*
temp_vcf4_CA04_ferret35_day1.vcf	NA	1174	GAT	0	0	0	2.66666666666667	0.333333333333333	2.66666666666667	0.333333333333333	0	0	0	*	*
temp_vcf4_CA04_ferret35_day1.vcf	NA	1177	ATC	0	0	0	2.33333333333333	0.666666666666667	2.33333333333333	0.666666666666667	0	0	0	*	*
temp_vcf4_CA04_ferret35_day1.vcf	NA	1180	GTA	0	0	0	2	1	2	1	0	0	0	*	*
temp_vcf4_CA04_ferret35_day1.vcf	NA	1183	GGA	0	0	0	2	1	2	1	0	0	0	*	*
temp_vcf4_CA04_ferret35_day1.vcf	NA	1186	ATA	0	0	0	2.33333333333333	0.666666666666667	2.33333333333333	0.666666666666667	0	0	0	*	*
temp_vcf4_CA04_ferret35_day1.vcf	NA	1189	AAT	0	0	0	2.66666666666667	0.333333333333333	2.66666666666667	0.333333333333333	0	0	0	*	*
temp_vcf4_CA04_ferret35_day1.vcf	NA	1192	GAG	0	0	0	2.66666666666667	0.333333333333333	2.66666666666667	0.333333333333333	0	0	0	*	*
temp_vcf4_CA04_ferret35_day1.vcf	NA	1195	TGG	0	0	0	3	0	3	0	0	0	0	*	*
temp_vcf4_CA04_ferret35_day1.vcf	NA	1198	TCA	0	0	0	2	1	2	1	0	0	0	*	*
temp_vcf4_CA04_ferret35_day1.vcf	NA	1201	GGA	0	0	0	2	1	2	1	0	0	0	*	*
temp_vcf4_CA04_ferret35_day1.vcf	NA	1204	TAT	0	0	0	2	1	2	1	0	0	0	*	*
temp_vcf4_CA04_ferret35_day1.vcf	NA	1207	AGC	0	0	0	2.66666666666667	0.333333333333333	2.66666666666667	0.333333333333333	0	0	0	*	*
temp_vcf4_CA04_ferret35_day1.vcf	NA	1210	GGG	0	0	0	2	1	2	1	0	0	0	*	*
temp_vcf4_CA04_ferret35_day1.vcf	NA	1213	AGT	0	0	0	2.66666666666667	0.333333333333333	2.66666666666667	0.333333333333333	0	0	0	*	*
temp_vcf4_CA04_ferret35_day1.vcf	NA	1216	TTT	0	0	0	2.66666666666667	0.333333333333333	2.66666666666667	0.333333333333333	0	0	0	*	*
temp_vcf4_CA04_ferret35_day1.vcf	NA	1219	GTT	0	0	0	2	1	2	1	0	0	0	*	*
temp_vcf4_CA04_ferret35_day1.vcf	NA	1222	CAG	0	0	0	2.66666666666667	0.333333333333333	2.66666666666667	0.333333333333333	0	0	0	*	*
temp_vcf4_CA04_ferret35_day1.vcf	NA	1225	CAT	0	0	0	2.66666666666667	0.333333333333333	2.66666666666667	0.333333333333333	0	0	0	*	*
temp_vcf4_CA04_ferret35_day1.vcf	NA	1228	CCA	0	0	0	2	1	2	1	0	0	0	*	*
temp_vcf4_CA04_ferret35_day1.vcf	NA	1231	GAA	0	0	0	2.66666666666667	0.333333333333333	2.66666666666667	0.333333333333333	0	0	0	*	*
temp_vcf4_CA04_ferret35_day1.vcf	NA	1234	CTA	0	0	0	1.66666666666667	1.33333333333333	1.66666666666667	1.33333333333333	0	0	0	*	*
temp_vcf4_CA04_ferret35_day1.vcf	NA	1237	ACA	0	0	0	2	1	2	1	0	0	0	*	*
temp_vcf4_CA04_ferret35_day1.vcf	NA	1240	GGG	0	0	0	2	1	2	1	0	0	0	*	*
temp_vcf4_CA04_ferret35_day1.vcf	NA	1243	CTG	0	0	0	1.66666666666667	1.33333333333333	1.66666666666667	1.33333333333333	0	0	0	*	*
temp_vcf4_CA04_ferret35_day1.vcf	NA	1246	GAT	0	0	0	2.66666666666667	0.333333333333333	2.66666666666667	0.333333333333333	0	0	0	*	*
temp_vcf4_CA04_ferret35_day1.vcf	NA	1249	TGT	0	0	0	2.5	0.5	2.5	0.5	0	0	0	*	*
temp_vcf4_CA04_ferret35_day1.vcf	NA	1252	ATA	0	0	0	2.33333333333333	0.666666666666667	2.33333333333333	0.666666666666667	0	0	0	*	*
temp_vcf4_CA04_ferret35_day1.vcf	NA	1255	AGA	0	0	0	2.16666666666667	0.833333333333333	2.16666666666667	0.833333333333333	0	0	0	*	*
temp_vcf4_CA04_ferret35_day1.vcf	NA	1258	CCT	0	0	0	2	1	2	1	0	0	0	*	*
temp_vcf4_CA04_ferret35_day1.vcf	NA	1261	TGC	0	0	0	2.5	0.5	2.5	0.5	0	0	0	*	*
temp_vcf4_CA04_ferret35_day1.vcf	NA	1264	TTC	0	0	0	2.66666666666667	0.333333333333333	2.66666666666667	0.333333333333333	0	0	0	*	*
temp_vcf4_CA04_ferret35_day1.vcf	NA	1267	TGG	0	0	0	3	0	3	0	0	0	0	*	*
temp_vcf4_CA04_ferret35_day1.vcf	NA	1270	GTT	0	0	0	2	1	2	1	0	0	0	*	*
temp_vcf4_CA04_ferret35_day1.vcf	NA	1273	GAA	0	0	0	2.66666666666667	0.333333333333333	2.66666666666667	0.333333333333333	0	0	0	*	*
temp_vcf4_CA04_ferret35_day1.vcf	NA	1276	CTA	0	0	0	1.66666666666667	1.33333333333333	1.66666666666667	1.33333333333333	0	0	0	*	*
temp_vcf4_CA04_ferret35_day1.vcf	NA	1279	ATC	0	0	0	2.33333333333333	0.666666666666667	2.33333333333333	0.666666666666667	0	0	0	*	*
temp_vcf4_CA04_ferret35_day1.vcf	NA	1282	AGA	0	0	0	2.16666666666667	0.833333333333333	2.16666666666667	0.833333333333333	0	0	0	*	*
temp_vcf4_CA04_ferret35_day1.vcf	NA	1285	GGG	0	0	0	2	1	2	1	0	0	0	*	*
temp_vcf4_CA04_ferret35_day1.vcf	NA	1288	CGA	0	0	0	1.5	1.5	1.5	1.5	0	0	0	*	*
temp_vcf4_CA04_ferret35_day1.vcf	NA	1291	CCC	0	0	0	2	1	2	1	0	0	0	*	*
temp_vcf4_CA04_ferret35_day1.vcf	NA	1294	AAA	0	0	0	2.66666666666667	0.333333333333333	2.66666666666667	0.333333333333333	0	0	0	*	*
temp_vcf4_CA04_ferret35_day1.vcf	NA	1297	GAG	0	0	0	2.66666666666667	0.333333333333333	2.66666666666667	0.333333333333333	0	0	0	*	*
temp_vcf4_CA04_ferret35_day1.vcf	NA	1300	AAC	0	0	0	2.66666666666667	0.333333333333333	2.66666666666667	0.333333333333333	0	0	0	*	*
temp_vcf4_CA04_ferret35_day1.vcf	NA	1303	ACA	0	0	0	2	1	2	1	0	0	0	*	*
temp_vcf4_CA04_ferret35_day1.vcf	NA	1306	ATC	0	0	0	2.33333333333333	0.666666666666667	2.33333333333333	0.666666666666667	0	0	0	*	*
temp_vcf4_CA04_ferret35_day1.vcf	NA	1309	TGG	0	0	0	3	0	3	0	0	0	0	*	*
temp_vcf4_CA04_ferret35_day1.vcf	NA	1312	ACT	0	0	0	2	1	2	1	0	0	0	*	*
temp_vcf4_CA04_ferret35_day1.vcf	NA	1315	AGC	0	0	0	2.66666666666667	0.333333333333333	2.66666666666667	0.333333333333333	0	0	0	*	*
temp_vcf4_CA04_ferret35_day1.vcf	NA	1318	GGG	0	0	0	2	1	2	1	0	0	0	*	*
temp_vcf4_CA04_ferret35_day1.vcf	NA	1321	AGC	0	0	0	2.66666666666667	0.333333333333333	2.66666666666667	0.333333333333333	0	0	0	*	*
temp_vcf4_CA04_ferret35_day1.vcf	NA	1324	AGC	0	0	0	2.66666666666667	0.333333333333333	2.66666666666667	0.333333333333333	0	0	0	*	*
temp_vcf4_CA04_ferret35_day1.vcf	NA	1327	ATA	0	0	0	2.33333333333333	0.666666666666667	2.33333333333333	0.666666666666667	0	0	0	*	*
temp_vcf4_CA04_ferret35_day1.vcf	NA	1330	TCC	0	0	0	2	1	2	1	0	0	0	*	*
temp_vcf4_CA04_ferret35_day1.vcf	NA	1333	TTT	0	0	0	2.66666666666667	0.333333333333333	2.66666666666667	0.333333333333333	0	0	0	*	*
temp_vcf4_CA04_ferret35_day1.vcf	NA	1336	TGT	0	0	0	2.5	0.5	2.5	0.5	0	0	0	*	*
temp_vcf4_CA04_ferret35_day1.vcf	NA	1339	GGT	0	0	0	2	1	2	1	0	0	0	*	*
temp_vcf4_CA04_ferret35_day1.vcf	NA	1342	GTA	0	0	0	2	1	2	1	0	0	0	*	*
temp_vcf4_CA04_ferret35_day1.vcf	NA	1345	AAC	0	0	0	2.66666666666667	0.333333333333333	2.66666666666667	0.333333333333333	0	0	0	*	*
temp_vcf4_CA04_ferret35_day1.vcf	NA	1348	AGT	0	0	0	2.66666666666667	0.333333333333333	2.66666666666667	0.333333333333333	0	0	0	*	*
temp_vcf4_CA04_ferret35_day1.vcf	NA	1351	GAC	0	0	0	2.66666666666667	0.333333333333333	2.66666666666667	0.333333333333333	0	0	0	*	*
temp_vcf4_CA04_ferret35_day1.vcf	NA	1354	ACT	0	0	0	2	1	2	1	0	0	0	*	*
temp_vcf4_CA04_ferret35_day1.vcf	NA	1357	GTG	0	0	0	2	1	2	1	0	0	0	*	*
temp_vcf4_CA04_ferret35_day1.vcf	NA	1360	GGT	0	0	0	2	1	2	1	0	0	0	*	*
temp_vcf4_CA04_ferret35_day1.vcf	NA	1363	TGG	0	0	0	3	0	3	0	0	0	0	*	*
temp_vcf4_CA04_ferret35_day1.vcf	NA	1366	TCT	0	0	0	2	1	2	1	0	0	0	*	*
temp_vcf4_CA04_ferret35_day1.vcf	NA	1369	TGG	0	0	0	3	0	3	0	0	0	0	*	*
temp_vcf4_CA04_ferret35_day1.vcf	NA	1372	CCA	0	0	0	2	1	2	1	0	0	0	*	*
temp_vcf4_CA04_ferret35_day1.vcf	NA	1375	GAC	0	0	0	2.66666666666667	0.333333333333333	2.66666666666667	0.333333333333333	0	0	0	*	*
temp_vcf4_CA04_ferret35_day1.vcf	NA	1378	GGT	0	0	0	2	1	2	1	0	0	0	*	*
temp_vcf4_CA04_ferret35_day1.vcf	NA	1381	GCT	0	0	0	2	1	2	1	0	0	0	*	*
temp_vcf4_CA04_ferret35_day1.vcf	NA	1384	GAG	0	0	0	2.66666666666667	0.333333333333333	2.66666666666667	0.333333333333333	0	0	0	*	*
temp_vcf4_CA04_ferret35_day1.vcf	NA	1387	TTG	0	0	0	2.33333333333333	0.666666666666667	2.33333333333333	0.666666666666667	0	0	0	*	*
temp_vcf4_CA04_ferret35_day1.vcf	NA	1390	CCA	0	0	0	2	1	2	1	0	0	0	*	*
temp_vcf4_CA04_ferret35_day1.vcf	NA	1393	TTT	0	0	0	2.66666666666667	0.333333333333333	2.66666666666667	0.333333333333333	0	0	0	*	*
temp_vcf4_CA04_ferret35_day1.vcf	NA	1396	ACC	0	0	0	2	1	2	1	0	0	0	*	*
temp_vcf4_CA04_ferret35_day1.vcf	NA	1399	ATT	0	0	0	2.33333333333333	0.666666666666667	2.33333333333333	0.666666666666667	0	0	0	*	*
temp_vcf4_CA04_ferret35_day1.vcf	NA	1402	GAC	0	0	0	2.66666666666667	0.333333333333333	2.66666666666667	0.333333333333333	0	0	0	*	*
temp_vcf4_CA04_ferret35_day1.vcf	NA	1405	AAG	0	0	0	2.66666666666667	0.333333333333333	2.66666666666667	0.333333333333333	0	0	0	*	*
temp_vcf4_CA04_ferret35_day1.vcf	NA	1408	TAA	0	0	0	0	0	0	0	0	0	0	*	*
